0 0.701875 0.217000 0.071250 0.062000
0 0.572500 0.217000 0.050000 0.058000
0 0.631875 0.217000 0.068750 0.058000
1 0.659375 0.314000 0.128750 0.076000
1 0.786875 0.309000 0.123750 0.066000
1 0.566250 0.310000 0.057500 0.064000
2 0.666250 0.385000 0.077500 0.074000
2 0.729375 0.385000 0.046250 0.066000
3 0.827500 0.457000 0.115000 0.070000
3 0.606250 0.454000 0.095000 0.060000
3 0.709375 0.459000 0.103750 0.070000
4 0.824375 0.511000 0.071250 0.054000
4 0.611875 0.510000 0.041250 0.052000
4 0.715000 0.519000 0.030000 0.058000
5 0.288125 0.860000 0.093750 0.044000