0 0.546875 0.221000 0.053750 0.070000
0 0.605000 0.220000 0.062500 0.060000
0 0.671875 0.217000 0.071250 0.066000
1 0.577500 0.320000 0.152500 0.080000
1 0.703125 0.320000 0.081250 0.076000
1 0.786875 0.319000 0.078750 0.078000
2 0.651875 0.401000 0.103750 0.070000
2 0.728125 0.401000 0.036250 0.066000
3 0.749375 0.469000 0.101250 0.050000
3 0.658750 0.472000 0.075000 0.064000
3 0.580625 0.473000 0.078750 0.082000
3 0.830000 0.479000 0.052500 0.062000
4 0.593125 0.537000 0.038750 0.050000
4 0.705625 0.540000 0.033750 0.052000
4 0.825625 0.540000 0.081250 0.048000
5 0.243125 0.878000 0.086250 0.056000