0 0.685625 0.234000 0.068750 0.064000
0 0.616875 0.234000 0.068750 0.060000
0 0.559375 0.236000 0.048750 0.060000
1 0.781875 0.338000 0.141250 0.076000
1 0.571250 0.352000 0.115000 0.080000
1 0.669375 0.344000 0.083750 0.064000
2 0.664375 0.429000 0.076250 0.074000
2 0.730000 0.427000 0.045000 0.070000
3 0.638125 0.497000 0.058750 0.078000
3 0.708750 0.494000 0.080000 0.068000
3 0.809375 0.498000 0.108750 0.076000
3 0.580000 0.501000 0.060000 0.078000
4 0.832500 0.554000 0.075000 0.060000
4 0.608750 0.557000 0.040000 0.058000
4 0.722500 0.557000 0.035000 0.054000
5 0.257500 0.908000 0.082500 0.044000