0 0.619375 0.240000 0.068750 0.060000
0 0.688125 0.241000 0.068750 0.062000
0 0.561875 0.242000 0.048750 0.060000
1 0.597500 0.340000 0.157500 0.072000
1 0.709375 0.349000 0.056250 0.066000
1 0.792500 0.349000 0.107500 0.066000
2 0.665000 0.431000 0.080000 0.074000
2 0.732500 0.433000 0.045000 0.070000
3 0.653125 0.494000 0.088750 0.068000
3 0.747500 0.494000 0.092500 0.060000
3 0.810625 0.493000 0.033750 0.050000
4 0.613125 0.555000 0.038750 0.054000
4 0.832500 0.557000 0.075000 0.058000
4 0.723750 0.558000 0.027500 0.056000
5 0.261250 0.910000 0.092500 0.052000