0 0.641250 0.263000 0.067500 0.062000
0 0.709375 0.262000 0.068750 0.060000
0 0.583750 0.264000 0.047500 0.060000
1 0.808125 0.368000 0.113750 0.068000
1 0.595625 0.370000 0.093750 0.068000
1 0.695000 0.368000 0.105000 0.064000
2 0.769375 0.443000 0.038750 0.058000
2 0.693750 0.450000 0.102500 0.068000
3 0.768125 0.513000 0.093750 0.062000
3 0.834375 0.512000 0.028750 0.052000
3 0.673750 0.517000 0.092500 0.058000
4 0.865000 0.579000 0.075000 0.058000
4 0.748125 0.586000 0.026250 0.056000
4 0.635000 0.583000 0.035000 0.042000
5 0.276250 0.913000 0.090000 0.042000