0 0.605625 0.271000 0.053750 0.062000
0 0.665000 0.274000 0.067500 0.060000
0 0.730625 0.280000 0.066250 0.060000
1 0.573750 0.363000 0.135000 0.070000
1 0.681875 0.372000 0.078750 0.072000
1 0.774375 0.376000 0.106250 0.072000
1 0.879375 0.381000 0.101250 0.066000
2 0.700625 0.440000 0.093750 0.056000
2 0.770000 0.443000 0.037500 0.054000
3 0.702500 0.514000 0.092500 0.072000
3 0.781250 0.516000 0.065000 0.060000
3 0.826875 0.517000 0.036250 0.054000
4 0.643125 0.571000 0.033750 0.046000
4 0.850000 0.583000 0.067500 0.054000
4 0.745000 0.575000 0.025000 0.046000
5 0.315625 0.908000 0.101250 0.048000