0 0.674375 0.207000 0.068750 0.062000
0 0.549375 0.208000 0.048750 0.060000
0 0.606875 0.209000 0.068750 0.062000
1 0.768750 0.311000 0.112500 0.066000
1 0.575625 0.312000 0.108750 0.064000
1 0.670000 0.311000 0.082500 0.062000
2 0.656250 0.394000 0.077500 0.072000
2 0.721875 0.392000 0.046250 0.068000
3 0.853125 0.458000 0.058750 0.060000
3 0.573125 0.458000 0.098750 0.060000
3 0.768750 0.459000 0.057500 0.058000
3 0.681875 0.462000 0.108750 0.064000
3 0.811250 0.463000 0.022500 0.030000
4 0.838125 0.519000 0.078750 0.062000
4 0.718125 0.530000 0.038750 0.060000
4 0.599375 0.531000 0.041250 0.058000
5 0.238125 0.896000 0.088750 0.044000