0 0.578125 0.267000 0.048750 0.062000
0 0.634375 0.268000 0.066250 0.060000
0 0.700000 0.268000 0.065000 0.060000
1 0.588750 0.369000 0.137500 0.074000
1 0.700625 0.370000 0.083750 0.068000
1 0.807500 0.372000 0.127500 0.072000
2 0.684375 0.440000 0.096250 0.060000
2 0.755000 0.440000 0.037500 0.056000
3 0.585000 0.503000 0.122500 0.066000
3 0.671875 0.502000 0.043750 0.056000
3 0.828750 0.504000 0.097500 0.060000
3 0.732500 0.508000 0.087500 0.064000
3 0.899375 0.507000 0.043750 0.058000
4 0.621875 0.563000 0.041250 0.058000
4 0.848750 0.563000 0.070000 0.058000
4 0.731875 0.565000 0.038750 0.054000
5 0.273750 0.895000 0.090000 0.042000