0 0.560625 0.227000 0.048750 0.062000
0 0.620625 0.227000 0.071250 0.062000
0 0.691875 0.228000 0.071250 0.064000
1 0.561875 0.322000 0.053750 0.064000
1 0.645000 0.326000 0.112500 0.072000
1 0.760000 0.322000 0.115000 0.064000
2 0.660000 0.396000 0.065000 0.064000
2 0.715000 0.393000 0.037500 0.054000
3 0.596250 0.471000 0.095000 0.062000
3 0.751875 0.471000 0.076250 0.062000
3 0.825625 0.471000 0.063750 0.062000
3 0.680000 0.476000 0.060000 0.068000
4 0.824375 0.527000 0.073750 0.054000
4 0.706875 0.529000 0.038750 0.054000
4 0.588125 0.528000 0.038750 0.048000
5 0.278125 0.875000 0.093750 0.046000