0 0.566250 0.242000 0.050000 0.060000
0 0.625000 0.243000 0.067500 0.062000
0 0.691250 0.242000 0.070000 0.060000
1 0.796250 0.347000 0.092500 0.066000
1 0.567500 0.349000 0.072500 0.066000
1 0.635625 0.354000 0.068750 0.072000
1 0.709375 0.351000 0.081250 0.066000
2 0.675000 0.427000 0.100000 0.058000
2 0.749375 0.428000 0.038750 0.056000
3 0.656250 0.494000 0.090000 0.072000
3 0.748125 0.493000 0.088750 0.062000
3 0.837500 0.493000 0.080000 0.058000
3 0.578750 0.499000 0.057500 0.062000
4 0.839375 0.570000 0.076250 0.060000
4 0.617500 0.562000 0.037500 0.052000
4 0.730000 0.569000 0.037500 0.050000
5 0.263125 0.902000 0.086250 0.044000