0 0.555625 0.269000 0.043750 0.058000
0 0.610000 0.272000 0.065000 0.060000
0 0.673750 0.273000 0.062500 0.058000
1 0.603750 0.372000 0.070000 0.064000
1 0.679375 0.370000 0.081250 0.060000
1 0.748125 0.372000 0.051250 0.064000
2 0.656250 0.450000 0.075000 0.068000
2 0.719375 0.447000 0.041250 0.062000
3 0.651250 0.511000 0.092500 0.066000
3 0.733750 0.508000 0.067500 0.060000
3 0.785000 0.510000 0.022500 0.048000
4 0.825625 0.567000 0.068750 0.062000
4 0.602500 0.567000 0.042500 0.058000
4 0.717500 0.574000 0.035000 0.040000
5 0.259375 0.910000 0.083750 0.044000