0 0.548125 0.237000 0.048750 0.062000
0 0.606250 0.239000 0.067500 0.062000
0 0.673125 0.242000 0.066250 0.060000
1 0.584375 0.342000 0.163750 0.072000
1 0.710000 0.344000 0.085000 0.064000
1 0.790000 0.351000 0.077500 0.074000
2 0.655625 0.427000 0.076250 0.074000
2 0.722500 0.427000 0.045000 0.066000
3 0.831875 0.491000 0.061250 0.074000
3 0.655625 0.488000 0.073750 0.064000
3 0.769375 0.484000 0.058750 0.056000
3 0.578125 0.490000 0.081250 0.064000
3 0.717500 0.488000 0.047500 0.056000
4 0.721875 0.551000 0.043750 0.058000
4 0.598125 0.554000 0.041250 0.060000
4 0.835625 0.552000 0.073750 0.052000
5 0.204375 0.974000 0.101250 0.048000