0 0.717500 0.275000 0.067500 0.062000
0 0.651875 0.281000 0.061250 0.066000
0 0.590000 0.283000 0.042500 0.066000
1 0.700000 0.379000 0.077500 0.066000
1 0.786875 0.380000 0.083750 0.068000
1 0.632500 0.385000 0.052500 0.062000
2 0.706875 0.462000 0.098750 0.064000
2 0.783750 0.461000 0.042500 0.062000
3 0.836250 0.523000 0.030000 0.062000
3 0.697500 0.531000 0.092500 0.070000
3 0.781875 0.529000 0.066250 0.058000
4 0.883125 0.590000 0.073750 0.048000
4 0.643125 0.599000 0.033750 0.050000
4 0.761875 0.598000 0.036250 0.040000
5 0.309375 0.971000 0.088750 0.042000