0 0.579375 0.220000 0.048750 0.060000
0 0.636875 0.222000 0.068750 0.060000
0 0.705000 0.224000 0.067500 0.060000
1 0.600625 0.320000 0.106250 0.080000
1 0.708125 0.317000 0.108750 0.070000
1 0.804375 0.317000 0.083750 0.062000
2 0.678125 0.383000 0.093750 0.058000
2 0.746875 0.384000 0.038750 0.052000
3 0.615625 0.456000 0.091250 0.064000
3 0.716250 0.462000 0.102500 0.072000
3 0.827500 0.459000 0.117500 0.066000
4 0.827500 0.516000 0.070000 0.052000
4 0.620625 0.517000 0.038750 0.046000
4 0.724375 0.524000 0.028750 0.048000
5 0.299375 0.865000 0.096250 0.046000