0 0.646250 0.227000 0.070000 0.062000
0 0.716875 0.226000 0.071250 0.060000
0 0.585625 0.228000 0.051250 0.060000
1 0.775625 0.312000 0.108750 0.064000
1 0.675625 0.320000 0.086250 0.076000
1 0.601875 0.316000 0.066250 0.064000
2 0.680625 0.384000 0.073750 0.064000
2 0.745000 0.386000 0.047500 0.064000
3 0.679375 0.461000 0.096250 0.074000
3 0.766250 0.457000 0.070000 0.062000
3 0.816875 0.458000 0.023750 0.052000
4 0.630000 0.518000 0.050000 0.064000
4 0.732500 0.519000 0.030000 0.058000
4 0.840000 0.526000 0.072500 0.060000
5 0.302500 0.869000 0.097500 0.046000