0 0.569375 0.222000 0.048750 0.060000
0 0.625625 0.223000 0.068750 0.062000
0 0.693125 0.225000 0.068750 0.062000
1 0.604375 0.332000 0.111250 0.068000
1 0.701875 0.331000 0.081250 0.062000
1 0.786875 0.333000 0.086250 0.066000
2 0.672500 0.415000 0.072500 0.070000
2 0.736250 0.415000 0.045000 0.066000
3 0.589375 0.482000 0.056250 0.068000
2 0.815000 0.482000 0.107500 0.068000
3 0.648750 0.480000 0.057500 0.060000
3 0.719375 0.480000 0.076250 0.056000
4 0.838125 0.545000 0.076250 0.062000
4 0.731250 0.543000 0.037500 0.054000
4 0.621250 0.546000 0.035000 0.048000
5 0.263125 0.896000 0.088750 0.044000