0 0.571875 0.248000 0.048750 0.060000
0 0.628750 0.248000 0.065000 0.060000
0 0.694375 0.249000 0.068750 0.062000
1 0.669375 0.338000 0.108750 0.072000
1 0.761250 0.337000 0.080000 0.066000
1 0.590000 0.340000 0.050000 0.064000
2 0.669375 0.413000 0.101250 0.066000
2 0.739375 0.408000 0.036250 0.052000
3 0.663125 0.484000 0.091250 0.068000
3 0.745000 0.483000 0.065000 0.066000
3 0.795000 0.482000 0.025000 0.056000
4 0.711875 0.537000 0.026250 0.058000
4 0.816875 0.536000 0.071250 0.056000
4 0.611875 0.540000 0.041250 0.056000
5 0.297500 0.891000 0.095000 0.046000