0 0.673125 0.211000 0.063750 0.058000
0 0.604375 0.214000 0.061250 0.060000
0 0.548750 0.219000 0.037500 0.042000
1 0.787500 0.303000 0.090000 0.070000
1 0.674375 0.308000 0.128750 0.068000
1 0.556875 0.311000 0.103750 0.070000
2 0.715000 0.379000 0.045000 0.062000
2 0.650625 0.386000 0.068750 0.068000
3 0.780625 0.435000 0.033750 0.054000
3 0.730625 0.445000 0.068750 0.062000
3 0.645000 0.447000 0.092500 0.066000
3 0.811875 0.499000 0.071250 0.058000
4 0.704375 0.507000 0.021250 0.062000
4 0.604375 0.513000 0.031250 0.042000
5 0.261875 0.852000 0.083750 0.044000