0 0.572500 0.260000 0.047500 0.060000
0 0.702500 0.264000 0.070000 0.068000
0 0.631875 0.263000 0.071250 0.062000
1 0.649375 0.360000 0.081250 0.072000
1 0.758750 0.359000 0.135000 0.070000
1 0.579375 0.358000 0.061250 0.064000
2 0.671875 0.429000 0.096250 0.062000
2 0.743125 0.432000 0.038750 0.060000
3 0.581875 0.504000 0.096250 0.060000
3 0.686875 0.510000 0.103750 0.072000
3 0.773125 0.505000 0.061250 0.058000
3 0.849375 0.510000 0.088750 0.068000
4 0.608750 0.563000 0.040000 0.054000
4 0.821875 0.573000 0.068750 0.050000
4 0.716250 0.572000 0.027500 0.044000
5 0.290000 0.906000 0.090000 0.044000