0 0.619375 0.227000 0.068750 0.062000
0 0.685625 0.226000 0.066250 0.060000
0 0.561250 0.227000 0.047500 0.058000
1 0.695625 0.330000 0.133750 0.072000
1 0.827500 0.330000 0.135000 0.072000
1 0.555000 0.326000 0.152500 0.084000
2 0.671875 0.416000 0.061250 0.072000
2 0.725000 0.408000 0.037500 0.056000
3 0.901875 0.472000 0.058750 0.064000
3 0.811875 0.484000 0.121250 0.076000
3 0.699375 0.485000 0.096250 0.074000
3 0.538750 0.480000 0.095000 0.076000
3 0.616875 0.489000 0.066250 0.074000
4 0.835625 0.542000 0.073750 0.060000
4 0.724375 0.541000 0.038750 0.054000
4 0.613750 0.543000 0.037500 0.054000
5 0.248125 0.908000 0.086250 0.044000