0 0.691250 0.237000 0.070000 0.062000
0 0.623125 0.238000 0.068750 0.060000
0 0.564375 0.241000 0.048750 0.062000
1 0.741875 0.350000 0.081250 0.068000
1 0.645625 0.353000 0.111250 0.066000
2 0.667500 0.436000 0.077500 0.072000
2 0.735000 0.433000 0.045000 0.066000
3 0.716875 0.498000 0.081250 0.064000
3 0.814375 0.498000 0.108750 0.064000
3 0.645000 0.501000 0.057500 0.066000
3 0.585000 0.504000 0.055000 0.068000
4 0.845000 0.558000 0.075000 0.060000
4 0.727500 0.561000 0.040000 0.058000
4 0.609375 0.571000 0.036250 0.050000