0 0.651875 0.172000 0.046250 0.056000
0 0.703125 0.175000 0.061250 0.058000
0 0.761250 0.175000 0.060000 0.058000
1 0.673750 0.257000 0.090000 0.070000
1 0.756250 0.254000 0.065000 0.060000
1 0.828125 0.255000 0.073750 0.062000
2 0.734375 0.321000 0.108750 0.066000
2 0.810000 0.317000 0.037500 0.050000
3 0.797500 0.381000 0.055000 0.058000
3 0.728125 0.385000 0.081250 0.050000
3 0.841875 0.385000 0.023750 0.050000
4 0.858125 0.433000 0.063750 0.050000
4 0.770625 0.434000 0.023750 0.052000
4 0.682500 0.437000 0.037500 0.050000
5 0.420000 0.719000 0.070000 0.042000