0 0.680000 0.213000 0.070000 0.062000
0 0.611875 0.215000 0.068750 0.062000
0 0.556875 0.218000 0.048750 0.060000
1 0.726250 0.308000 0.077500 0.068000
1 0.655625 0.315000 0.066250 0.070000
1 0.594375 0.314000 0.056250 0.064000
2 0.653750 0.395000 0.100000 0.070000
2 0.726250 0.392000 0.040000 0.064000
3 0.843750 0.468000 0.060000 0.060000
3 0.747500 0.469000 0.115000 0.062000
3 0.563750 0.476000 0.090000 0.072000
3 0.651875 0.476000 0.068750 0.060000
4 0.808125 0.531000 0.066250 0.050000
4 0.701250 0.534000 0.027500 0.048000
4 0.597500 0.539000 0.037500 0.046000
5 0.268750 0.929000 0.097500 0.046000