0 0.545625 0.293000 0.048750 0.062000
0 0.603125 0.293000 0.066250 0.062000
0 0.670000 0.292000 0.067500 0.060000
1 0.737500 0.390000 0.160000 0.068000
1 0.546250 0.391000 0.057500 0.066000
1 0.614375 0.392000 0.078750 0.064000
2 0.649375 0.467000 0.076250 0.070000
2 0.715625 0.469000 0.046250 0.066000
3 0.632500 0.523000 0.090000 0.062000
3 0.728125 0.524000 0.086250 0.060000
3 0.789375 0.523000 0.033750 0.050000
4 0.818750 0.581000 0.075000 0.058000
4 0.710000 0.585000 0.037500 0.054000
4 0.596875 0.587000 0.033750 0.050000
5 0.244375 0.909000 0.083750 0.042000