0 0.603750 0.223000 0.067500 0.062000
0 0.548125 0.223000 0.046250 0.058000
0 0.669375 0.224000 0.066250 0.060000
1 0.573750 0.328000 0.107500 0.064000
1 0.668125 0.327000 0.078750 0.062000
1 0.762500 0.329000 0.107500 0.066000
2 0.650625 0.413000 0.076250 0.070000
2 0.716250 0.411000 0.045000 0.066000
3 0.645000 0.479000 0.095000 0.066000
3 0.730000 0.476000 0.067500 0.060000
3 0.782500 0.480000 0.025000 0.056000
4 0.597500 0.536000 0.045000 0.060000
4 0.710000 0.539000 0.042500 0.058000
4 0.826875 0.542000 0.076250 0.060000
5 0.245000 0.897000 0.087500 0.046000