0 0.669375 0.246000 0.066250 0.060000
0 0.603125 0.250000 0.066250 0.060000
0 0.547500 0.253000 0.047500 0.058000
1 0.753125 0.341000 0.083750 0.066000
1 0.669375 0.346000 0.083750 0.064000
1 0.586875 0.349000 0.083750 0.066000
2 0.716875 0.419000 0.041250 0.066000
2 0.653125 0.423000 0.073750 0.066000
3 0.731875 0.481000 0.068750 0.058000
3 0.782500 0.477000 0.025000 0.058000
3 0.647500 0.487000 0.095000 0.062000
4 0.711250 0.545000 0.042500 0.058000
4 0.595000 0.552000 0.040000 0.056000
4 0.830625 0.539000 0.071250 0.046000
5 0.272500 0.871000 0.080000 0.042000