0 0.566250 0.239000 0.047500 0.062000
0 0.623125 0.238000 0.068750 0.060000
0 0.688750 0.238000 0.067500 0.060000
1 0.689375 0.340000 0.081250 0.064000
1 0.771250 0.341000 0.085000 0.066000
1 0.601250 0.342000 0.095000 0.064000
2 0.666250 0.422000 0.080000 0.072000
2 0.732500 0.420000 0.045000 0.068000
3 0.687500 0.484000 0.107500 0.068000
3 0.860625 0.480000 0.056250 0.060000
3 0.583125 0.482000 0.091250 0.060000
3 0.775625 0.481000 0.051250 0.054000
3 0.815000 0.488000 0.015000 0.032000
4 0.832500 0.543000 0.077500 0.062000
4 0.725625 0.543000 0.038750 0.054000
4 0.616875 0.550000 0.041250 0.056000
5 0.255625 0.876000 0.086250 0.044000