0 0.688125 0.234000 0.066250 0.060000
0 0.566250 0.235000 0.047500 0.058000
0 0.621875 0.236000 0.066250 0.060000
1 0.767500 0.335000 0.132500 0.074000
1 0.646250 0.346000 0.110000 0.076000
1 0.564375 0.341000 0.053750 0.062000
2 0.677500 0.429000 0.125000 0.062000
2 0.763750 0.421000 0.035000 0.058000
3 0.656250 0.487000 0.085000 0.074000
3 0.833750 0.489000 0.077500 0.046000
3 0.585000 0.492000 0.045000 0.064000
3 0.746875 0.487000 0.086250 0.054000
4 0.728750 0.554000 0.037500 0.048000
4 0.843125 0.552000 0.063750 0.044000
4 0.611250 0.551000 0.035000 0.046000
5 0.269375 0.895000 0.083750 0.042000