0 0.604375 0.224000 0.068750 0.068000
0 0.670000 0.223000 0.067500 0.066000
0 0.546875 0.224000 0.046250 0.064000
1 0.742500 0.333000 0.132500 0.070000
1 0.642500 0.337000 0.057500 0.066000
1 0.570000 0.340000 0.087500 0.064000
2 0.654375 0.424000 0.061250 0.068000
2 0.706875 0.420000 0.036250 0.060000
3 0.652500 0.494000 0.070000 0.068000
3 0.721250 0.494000 0.065000 0.068000
3 0.575625 0.494000 0.073750 0.064000
3 0.802500 0.497000 0.085000 0.058000
4 0.819375 0.554000 0.071250 0.056000
4 0.703750 0.554000 0.037500 0.052000
4 0.591875 0.559000 0.036250 0.050000
5 0.259375 0.912000 0.081250 0.048000