0 0.677500 0.243000 0.067500 0.062000
0 0.610625 0.244000 0.068750 0.060000
0 0.553125 0.248000 0.046250 0.060000
1 0.798750 0.355000 0.097500 0.074000
1 0.706875 0.353000 0.088750 0.066000
1 0.583750 0.350000 0.155000 0.076000
2 0.660000 0.436000 0.077500 0.068000
2 0.723125 0.436000 0.043750 0.068000
3 0.859375 0.498000 0.093750 0.060000
3 0.535625 0.503000 0.118750 0.066000
3 0.624375 0.501000 0.048750 0.062000
3 0.918750 0.496000 0.035000 0.052000
3 0.696250 0.507000 0.090000 0.070000
3 0.776250 0.505000 0.067500 0.062000
4 0.826250 0.563000 0.075000 0.062000
4 0.606250 0.563000 0.040000 0.058000
4 0.717500 0.568000 0.027500 0.064000
5 0.247500 0.925000 0.082500 0.046000