0 0.681875 0.269000 0.068750 0.062000
0 0.555625 0.271000 0.048750 0.062000
0 0.613125 0.270000 0.066250 0.060000
1 0.785000 0.371000 0.112500 0.070000
1 0.577500 0.377000 0.112500 0.074000
1 0.680000 0.372000 0.095000 0.060000
2 0.722500 0.449000 0.037500 0.062000
2 0.667500 0.452000 0.062500 0.064000
3 0.770000 0.515000 0.105000 0.058000
3 0.848125 0.519000 0.046250 0.070000
3 0.597500 0.513000 0.092500 0.062000
3 0.680000 0.517000 0.065000 0.066000
4 0.840625 0.577000 0.073750 0.046000
4 0.724375 0.578000 0.036250 0.044000
4 0.601875 0.582000 0.033750 0.040000
5 0.254375 0.914000 0.086250 0.044000