0 0.555625 0.249000 0.046250 0.062000
0 0.677500 0.250000 0.067500 0.064000
0 0.611875 0.250000 0.066250 0.060000
1 0.593750 0.360000 0.057500 0.068000
1 0.661250 0.358000 0.080000 0.064000
1 0.740000 0.362000 0.077500 0.072000
2 0.655000 0.442000 0.075000 0.068000
2 0.720000 0.442000 0.045000 0.068000
3 0.641250 0.504000 0.090000 0.064000
3 0.733125 0.504000 0.088750 0.064000
3 0.796250 0.506000 0.027500 0.052000
4 0.820000 0.565000 0.072500 0.062000
4 0.601875 0.565000 0.038750 0.054000
4 0.714375 0.574000 0.028750 0.052000
5 0.258750 0.898000 0.085000 0.044000