0 0.589375 0.255000 0.051250 0.058000
0 0.648750 0.259000 0.070000 0.062000
0 0.718750 0.261000 0.070000 0.062000
1 0.617500 0.349000 0.105000 0.062000
1 0.710000 0.354000 0.080000 0.064000
1 0.801875 0.355000 0.101250 0.066000
2 0.682500 0.428000 0.075000 0.064000
2 0.747500 0.429000 0.045000 0.066000
3 0.605625 0.500000 0.096250 0.068000
3 0.709375 0.502000 0.108750 0.072000
3 0.796875 0.501000 0.061250 0.062000
3 0.871875 0.508000 0.091250 0.068000
4 0.836250 0.569000 0.070000 0.054000
4 0.628750 0.570000 0.037500 0.052000
4 0.734375 0.568000 0.026250 0.048000
5 0.302500 0.899000 0.097500 0.050000