0 0.566250 0.234000 0.050000 0.060000
0 0.628125 0.236000 0.071250 0.060000
0 0.697500 0.237000 0.070000 0.062000
1 0.723125 0.327000 0.106250 0.070000
1 0.596250 0.332000 0.157500 0.072000
1 0.812500 0.337000 0.070000 0.070000
2 0.668125 0.406000 0.098750 0.056000
2 0.737500 0.405000 0.037500 0.054000
3 0.649375 0.483000 0.096250 0.070000
3 0.745000 0.483000 0.087500 0.066000
3 0.806250 0.483000 0.027500 0.058000
4 0.711875 0.544000 0.026250 0.048000
4 0.603750 0.543000 0.037500 0.046000
4 0.818125 0.547000 0.068750 0.046000
5 0.286250 0.883000 0.092500 0.046000