0 0.678750 0.246000 0.070000 0.064000
0 0.609375 0.247000 0.071250 0.062000
0 0.548750 0.249000 0.047500 0.062000
1 0.513125 0.352000 0.153750 0.076000
1 0.873125 0.347000 0.116250 0.066000
1 0.746250 0.352000 0.137500 0.068000
1 0.631875 0.353000 0.086250 0.066000
2 0.657500 0.437000 0.077500 0.070000
2 0.725625 0.436000 0.046250 0.068000
3 0.651250 0.503000 0.100000 0.070000
3 0.740625 0.500000 0.071250 0.060000
3 0.792500 0.496000 0.035000 0.052000
4 0.840000 0.559000 0.077500 0.062000
4 0.717500 0.561000 0.042500 0.062000
4 0.594375 0.561000 0.041250 0.058000
5 0.249375 0.903000 0.081250 0.042000