0 0.690625 0.242000 0.066250 0.060000
0 0.569375 0.244000 0.046250 0.060000
0 0.625000 0.244000 0.067500 0.060000
1 0.758750 0.343000 0.125000 0.066000
1 0.657500 0.346000 0.077500 0.064000
1 0.585625 0.357000 0.068750 0.082000
2 0.674375 0.426000 0.073750 0.068000
2 0.735625 0.425000 0.043750 0.066000
3 0.666875 0.488000 0.093750 0.068000
3 0.751875 0.483000 0.071250 0.058000
3 0.801875 0.488000 0.028750 0.064000
4 0.835000 0.542000 0.072500 0.060000
4 0.623125 0.548000 0.041250 0.060000
4 0.729375 0.548000 0.036250 0.052000
5 0.280000 0.904000 0.090000 0.044000