0 0.696875 0.220000 0.068750 0.064000
0 0.572500 0.221000 0.050000 0.062000
0 0.630625 0.221000 0.068750 0.062000
1 0.806875 0.324000 0.141250 0.068000
1 0.570000 0.328000 0.112500 0.068000
1 0.680000 0.329000 0.112500 0.070000
2 0.753125 0.404000 0.038750 0.056000
2 0.680625 0.407000 0.096250 0.058000
3 0.753750 0.480000 0.052500 0.072000
3 0.830625 0.484000 0.091250 0.080000
3 0.615625 0.485000 0.096250 0.074000
3 0.695000 0.484000 0.065000 0.068000
4 0.843750 0.558000 0.075000 0.064000
4 0.626875 0.551000 0.043750 0.058000
4 0.733750 0.542000 0.035000 0.052000
5 0.268125 0.902000 0.088750 0.048000