0 0.620625 0.257000 0.068750 0.062000
0 0.687500 0.257000 0.067500 0.062000
0 0.563750 0.258000 0.047500 0.060000
1 0.780625 0.357000 0.161250 0.078000
1 0.562500 0.359000 0.105000 0.066000
1 0.656875 0.362000 0.083750 0.068000
2 0.667500 0.439000 0.072500 0.070000
2 0.732500 0.437000 0.045000 0.066000
3 0.858750 0.498000 0.057500 0.068000
3 0.772500 0.494000 0.055000 0.056000
3 0.585625 0.499000 0.096250 0.062000
3 0.690000 0.503000 0.105000 0.070000
3 0.813125 0.493000 0.018750 0.046000
4 0.839375 0.556000 0.076250 0.060000
4 0.611250 0.558000 0.040000 0.056000
4 0.723125 0.559000 0.041250 0.058000
5 0.265000 0.888000 0.082500 0.044000