0 0.553750 0.266000 0.045000 0.060000
0 0.606250 0.266000 0.062500 0.060000
0 0.668750 0.266000 0.062500 0.060000
1 0.584375 0.362000 0.146250 0.064000
1 0.700625 0.363000 0.076250 0.062000
1 0.782500 0.364000 0.082500 0.064000
2 0.660625 0.443000 0.123750 0.070000
2 0.744375 0.443000 0.036250 0.054000
3 0.531250 0.510000 0.070000 0.064000
3 0.601250 0.507000 0.065000 0.058000
3 0.663125 0.510000 0.046250 0.060000
3 0.731250 0.508000 0.082500 0.060000
3 0.816250 0.502000 0.080000 0.056000
3 0.883125 0.503000 0.048750 0.058000
4 0.609375 0.558000 0.038750 0.056000
4 0.819375 0.558000 0.068750 0.056000
4 0.715000 0.565000 0.030000 0.054000
5 0.262500 0.912000 0.092500 0.044000