0 0.568125 0.267000 0.051250 0.062000
0 0.629375 0.269000 0.071250 0.062000
0 0.701875 0.270000 0.071250 0.064000
1 0.695000 0.365000 0.070000 0.070000
1 0.776875 0.363000 0.088750 0.062000
2 0.610625 0.364000 0.096250 0.064000
2 0.668750 0.436000 0.100000 0.056000
2 0.742500 0.436000 0.037500 0.056000
3 0.585625 0.509000 0.091250 0.058000
3 0.689375 0.516000 0.108750 0.072000
3 0.778750 0.511000 0.062500 0.058000
3 0.861250 0.514000 0.092500 0.060000
4 0.824375 0.573000 0.073750 0.062000
4 0.600000 0.570000 0.040000 0.052000
4 0.714375 0.580000 0.028750 0.068000
5 0.278750 0.914000 0.095000 0.048000