0 0.631250 0.259000 0.070000 0.062000
0 0.572500 0.260000 0.047500 0.060000
0 0.699375 0.260000 0.066250 0.060000
1 0.598125 0.364000 0.158750 0.084000
1 0.818125 0.364000 0.111250 0.068000
1 0.720000 0.366000 0.082500 0.064000
2 0.679375 0.449000 0.073750 0.070000
2 0.744375 0.447000 0.046250 0.066000
3 0.670625 0.513000 0.098750 0.066000
3 0.756875 0.512000 0.068750 0.056000
3 0.808125 0.512000 0.033750 0.052000
4 0.856250 0.574000 0.075000 0.060000
4 0.616875 0.577000 0.041250 0.058000
4 0.732500 0.576000 0.040000 0.056000
5 0.265000 0.924000 0.087500 0.048000