0 0.659375 0.240000 0.073750 0.064000
0 0.732500 0.240000 0.072500 0.064000
0 0.595000 0.240000 0.052500 0.060000
1 0.848750 0.331000 0.122500 0.070000
1 0.743125 0.340000 0.096250 0.064000
1 0.617500 0.344000 0.157500 0.068000
2 0.794375 0.419000 0.041250 0.062000
2 0.699375 0.428000 0.141250 0.064000
3 0.859375 0.498000 0.121250 0.064000
3 0.739375 0.506000 0.108750 0.068000
3 0.633125 0.504000 0.093750 0.064000
4 0.854375 0.564000 0.073750 0.044000
4 0.744375 0.563000 0.023750 0.046000
4 0.636875 0.567000 0.041250 0.042000
5 0.305625 0.926000 0.098750 0.044000