0 0.570000 0.244000 0.047500 0.060000
0 0.627500 0.245000 0.070000 0.062000
0 0.692500 0.247000 0.065000 0.062000
1 0.596250 0.353000 0.107500 0.066000
1 0.781250 0.354000 0.107500 0.064000
1 0.688125 0.355000 0.078750 0.062000
2 0.671875 0.437000 0.073750 0.070000
2 0.734375 0.438000 0.043750 0.064000
3 0.587500 0.494000 0.055000 0.060000
3 0.644375 0.495000 0.056250 0.054000
3 0.715000 0.501000 0.077500 0.066000
3 0.809375 0.501000 0.106250 0.062000
4 0.830625 0.561000 0.071250 0.058000
4 0.621875 0.565000 0.033750 0.042000
4 0.725625 0.566000 0.028750 0.044000
5 0.261875 0.904000 0.088750 0.044000