0 0.632500 0.283000 0.067500 0.062000
0 0.698750 0.282000 0.067500 0.060000
0 0.576250 0.285000 0.050000 0.062000
1 0.596250 0.389000 0.152500 0.070000
1 0.752500 0.389000 0.160000 0.070000
1 0.855625 0.393000 0.041250 0.066000
2 0.683125 0.467000 0.096250 0.062000
2 0.753125 0.467000 0.038750 0.054000
3 0.658750 0.535000 0.095000 0.066000
3 0.816250 0.536000 0.040000 0.060000
3 0.755000 0.542000 0.080000 0.056000
4 0.837500 0.594000 0.072500 0.060000
4 0.735625 0.608000 0.036250 0.052000
4 0.626250 0.605000 0.045000 0.046000
5 0.281875 0.951000 0.088750 0.038000