0 0.570625 0.263000 0.046250 0.058000
0 0.626250 0.264000 0.065000 0.060000
0 0.690000 0.263000 0.065000 0.058000
1 0.595000 0.364000 0.060000 0.068000
1 0.661875 0.365000 0.076250 0.066000
1 0.757500 0.364000 0.110000 0.064000
2 0.672500 0.442000 0.075000 0.068000
2 0.736875 0.441000 0.043750 0.066000
3 0.665625 0.506000 0.096250 0.068000
3 0.802500 0.503000 0.030000 0.062000
3 0.750625 0.502000 0.068750 0.056000
4 0.843750 0.560000 0.075000 0.060000
4 0.614375 0.563000 0.041250 0.058000
4 0.728750 0.562000 0.040000 0.056000
5 0.275625 0.907000 0.081250 0.042000