0 0.697500 0.239000 0.067500 0.062000
0 0.630625 0.240000 0.068750 0.060000
0 0.573750 0.241000 0.045000 0.058000
1 0.619375 0.350000 0.153750 0.068000
1 0.739375 0.350000 0.083750 0.064000
1 0.815000 0.358000 0.075000 0.076000
2 0.677500 0.434000 0.075000 0.068000
2 0.742500 0.436000 0.045000 0.068000
3 0.593750 0.497000 0.057500 0.062000
3 0.651250 0.504000 0.055000 0.072000
3 0.722500 0.501000 0.077500 0.066000
3 0.820625 0.502000 0.108750 0.064000
4 0.851250 0.562000 0.072500 0.060000
4 0.732500 0.562000 0.040000 0.056000
4 0.620000 0.569000 0.037500 0.054000
5 0.271875 0.912000 0.086250 0.044000