0 0.604375 0.245000 0.066250 0.062000
0 0.670625 0.245000 0.068750 0.062000
0 0.546250 0.246000 0.047500 0.060000
1 0.672500 0.351000 0.105000 0.066000
1 0.768125 0.351000 0.086250 0.066000
1 0.571875 0.352000 0.093750 0.064000
2 0.655000 0.435000 0.100000 0.070000
2 0.728750 0.427000 0.037500 0.054000
3 0.643750 0.495000 0.092500 0.066000
3 0.728125 0.493000 0.068750 0.058000
3 0.778750 0.493000 0.035000 0.050000
4 0.823750 0.556000 0.075000 0.060000
4 0.591250 0.557000 0.040000 0.058000
4 0.708125 0.557000 0.041250 0.058000
5 0.248125 0.902000 0.083750 0.044000