0 0.612500 0.271000 0.062500 0.066000
0 0.680625 0.270000 0.073750 0.064000
0 0.552500 0.272000 0.045000 0.056000
1 0.803125 0.362000 0.061250 0.076000
1 0.728125 0.367000 0.086250 0.078000
1 0.600625 0.369000 0.166250 0.082000
2 0.732500 0.456000 0.055000 0.084000
2 0.663125 0.456000 0.081250 0.080000
3 0.657500 0.517000 0.100000 0.062000
3 0.743750 0.520000 0.060000 0.068000
3 0.793125 0.519000 0.033750 0.062000
4 0.843125 0.580000 0.081250 0.060000
4 0.604375 0.588000 0.036250 0.060000
4 0.725000 0.588000 0.040000 0.056000
5 0.266875 0.932000 0.098750 0.064000