0 0.662500 0.248000 0.067500 0.060000
0 0.593750 0.254000 0.067500 0.060000
0 0.536875 0.260000 0.048750 0.060000
1 0.765000 0.344000 0.100000 0.064000
1 0.671250 0.350000 0.085000 0.064000
1 0.570625 0.365000 0.116250 0.078000
2 0.728125 0.422000 0.038750 0.056000
2 0.649375 0.435000 0.106250 0.070000
3 0.729375 0.493000 0.091250 0.062000
3 0.797500 0.491000 0.030000 0.058000
3 0.631250 0.500000 0.095000 0.064000
4 0.592500 0.556000 0.042500 0.060000
4 0.708750 0.553000 0.035000 0.050000
4 0.828125 0.557000 0.076250 0.054000
5 0.239375 0.913000 0.083750 0.046000