0 0.563750 0.253000 0.047500 0.062000
0 0.620625 0.254000 0.068750 0.064000
0 0.689375 0.254000 0.068750 0.064000
1 0.600000 0.354000 0.147500 0.080000
1 0.729375 0.361000 0.098750 0.066000
1 0.811875 0.362000 0.071250 0.064000
2 0.666875 0.441000 0.076250 0.070000
2 0.731250 0.444000 0.045000 0.064000
3 0.606875 0.509000 0.086250 0.070000
3 0.681875 0.510000 0.066250 0.068000
3 0.755625 0.508000 0.068750 0.060000
3 0.829375 0.508000 0.068750 0.060000
4 0.833125 0.572000 0.073750 0.060000
4 0.613750 0.573000 0.035000 0.038000
4 0.723750 0.579000 0.022500 0.046000
5 0.255000 0.916000 0.087500 0.048000