0 0.580000 0.238000 0.047500 0.060000
0 0.635625 0.240000 0.063750 0.060000
0 0.700625 0.241000 0.066250 0.062000
1 0.605000 0.337000 0.055000 0.066000
1 0.758750 0.340000 0.105000 0.072000
1 0.670000 0.338000 0.075000 0.064000
2 0.680000 0.412000 0.127500 0.068000
2 0.763125 0.407000 0.036250 0.054000
3 0.628125 0.484000 0.081250 0.068000
3 0.767500 0.481000 0.070000 0.062000
3 0.835625 0.479000 0.061250 0.058000
3 0.701250 0.485000 0.057500 0.066000
4 0.623125 0.536000 0.038750 0.052000
4 0.825625 0.538000 0.063750 0.056000
4 0.725000 0.544000 0.027500 0.056000
5 0.310625 0.891000 0.098750 0.046000