0 0.571875 0.223000 0.048750 0.058000
0 0.628750 0.226000 0.067500 0.060000
0 0.693750 0.228000 0.067500 0.060000
1 0.590000 0.327000 0.057500 0.062000
1 0.670625 0.331000 0.106250 0.062000
1 0.771875 0.331000 0.098750 0.062000
2 0.678750 0.414000 0.100000 0.072000
2 0.751250 0.407000 0.037500 0.058000
3 0.584375 0.469000 0.053750 0.062000
3 0.658750 0.477000 0.090000 0.070000
3 0.746875 0.475000 0.086250 0.058000
3 0.834375 0.476000 0.078750 0.056000
4 0.836875 0.539000 0.073750 0.062000
4 0.729375 0.537000 0.038750 0.054000
4 0.620625 0.541000 0.043750 0.062000
5 0.265000 0.873000 0.085000 0.042000