0 0.576250 0.253000 0.050000 0.062000
0 0.634375 0.253000 0.068750 0.062000
0 0.702500 0.255000 0.070000 0.062000
1 0.603125 0.360000 0.061250 0.064000
1 0.671875 0.360000 0.076250 0.064000
1 0.767500 0.364000 0.112500 0.068000
2 0.686250 0.445000 0.105000 0.070000
2 0.762500 0.440000 0.037500 0.056000
3 0.543750 0.507000 0.075000 0.062000
3 0.620625 0.509000 0.071250 0.062000
3 0.685000 0.511000 0.050000 0.066000
3 0.758750 0.511000 0.090000 0.062000
3 0.852500 0.511000 0.087500 0.058000
3 0.923125 0.514000 0.051250 0.060000
4 0.626250 0.572000 0.040000 0.056000
4 0.850625 0.574000 0.071250 0.060000
4 0.741250 0.577000 0.032500 0.046000
5 0.261250 0.925000 0.087500 0.046000