0 0.585625 0.230000 0.043750 0.064000
0 0.648125 0.231000 0.063750 0.062000
0 0.720000 0.234000 0.065000 0.056000
1 0.685625 0.321000 0.101250 0.070000
1 0.605000 0.321000 0.050000 0.062000
1 0.785625 0.324000 0.081250 0.064000
2 0.690000 0.397000 0.095000 0.070000
2 0.763750 0.400000 0.040000 0.056000
3 0.629375 0.474000 0.111250 0.060000
3 0.733125 0.477000 0.081250 0.062000
3 0.836875 0.478000 0.108750 0.060000
4 0.733750 0.539000 0.020000 0.050000
4 0.625625 0.538000 0.028750 0.040000
4 0.845000 0.540000 0.070000 0.044000
5 0.292500 0.894000 0.100000 0.048000