0 0.676250 0.223000 0.060000 0.062000
0 0.611875 0.228000 0.063750 0.060000
0 0.554375 0.229000 0.048750 0.058000
1 0.580625 0.316000 0.153750 0.068000
1 0.722500 0.323000 0.122500 0.070000
1 0.819375 0.325000 0.056250 0.066000
2 0.656250 0.414000 0.105000 0.068000
2 0.735000 0.409000 0.045000 0.054000
3 0.681250 0.476000 0.105000 0.064000
3 0.765625 0.473000 0.053750 0.054000
3 0.843125 0.469000 0.061250 0.058000
3 0.571875 0.479000 0.098750 0.062000
3 0.803750 0.479000 0.017500 0.046000
4 0.714375 0.539000 0.033750 0.054000
4 0.824375 0.543000 0.068750 0.058000
4 0.602500 0.543000 0.045000 0.046000
5 0.250625 0.889000 0.093750 0.042000