0 0.544375 0.230000 0.046250 0.056000
0 0.596250 0.232000 0.062500 0.060000
0 0.658750 0.231000 0.062500 0.058000
1 0.766875 0.324000 0.083750 0.064000
1 0.693750 0.328000 0.077500 0.064000
1 0.581250 0.334000 0.145000 0.072000
2 0.713750 0.401000 0.037500 0.054000
2 0.646250 0.407000 0.092500 0.062000
3 0.744375 0.465000 0.058750 0.058000
3 0.662500 0.473000 0.097500 0.070000
3 0.825625 0.467000 0.058750 0.054000
3 0.568125 0.476000 0.083750 0.064000
3 0.785000 0.473000 0.020000 0.030000
4 0.811250 0.537000 0.072500 0.058000
4 0.700000 0.538000 0.040000 0.056000
4 0.589375 0.542000 0.036250 0.052000
5 0.253750 0.886000 0.080000 0.040000