0 0.578750 0.241000 0.047500 0.062000
0 0.635000 0.240000 0.067500 0.060000
0 0.705000 0.249000 0.067500 0.062000
1 0.587500 0.350000 0.132500 0.068000
1 0.721875 0.349000 0.136250 0.066000
1 0.830625 0.357000 0.088750 0.082000
2 0.773750 0.431000 0.040000 0.066000
2 0.686875 0.435000 0.128750 0.070000
3 0.845625 0.498000 0.106250 0.068000
3 0.583125 0.500000 0.073750 0.064000
3 0.658750 0.502000 0.072500 0.068000
3 0.745000 0.501000 0.092500 0.062000
4 0.851250 0.559000 0.070000 0.062000
4 0.733750 0.561000 0.040000 0.058000
4 0.618750 0.563000 0.037500 0.054000
5 0.290000 0.908000 0.080000 0.044000