0 0.596875 0.225000 0.051250 0.062000
0 0.655625 0.225000 0.068750 0.062000
0 0.724375 0.226000 0.068750 0.064000
1 0.608125 0.322000 0.131250 0.068000
1 0.728750 0.329000 0.107500 0.082000
1 0.836875 0.320000 0.106250 0.064000
2 0.693750 0.400000 0.070000 0.068000
2 0.756250 0.402000 0.045000 0.068000
3 0.566250 0.468000 0.080000 0.060000
3 0.664375 0.475000 0.106250 0.070000
3 0.845625 0.469000 0.073750 0.058000
3 0.761875 0.477000 0.086250 0.066000
3 0.924375 0.476000 0.076250 0.064000
4 0.845000 0.531000 0.072500 0.058000
4 0.745000 0.528000 0.035000 0.048000
4 0.633750 0.532000 0.037500 0.052000
5 0.309375 0.893000 0.086250 0.046000