0 0.667500 0.223000 0.067500 0.062000
0 0.598750 0.225000 0.070000 0.062000
0 0.541250 0.228000 0.047500 0.060000
1 0.755000 0.319000 0.087500 0.070000
1 0.668750 0.320000 0.080000 0.064000
1 0.578750 0.325000 0.097500 0.066000
2 0.648750 0.396000 0.080000 0.068000
2 0.715625 0.395000 0.046250 0.066000
3 0.856875 0.450000 0.091250 0.060000
3 0.921875 0.447000 0.033750 0.050000
3 0.769375 0.456000 0.071250 0.064000
3 0.687500 0.461000 0.090000 0.070000
3 0.523125 0.460000 0.118750 0.064000
3 0.613125 0.458000 0.051250 0.060000
4 0.823750 0.512000 0.075000 0.060000
4 0.596250 0.517000 0.050000 0.058000
4 0.707500 0.519000 0.037500 0.046000
5 0.229375 0.852000 0.091250 0.040000