0 0.575000 0.231000 0.050000 0.058000
0 0.633750 0.234000 0.067500 0.060000
0 0.701250 0.234000 0.070000 0.060000
1 0.824375 0.331000 0.088750 0.066000
1 0.615625 0.335000 0.163750 0.070000
1 0.739375 0.332000 0.083750 0.064000
2 0.683750 0.411000 0.132500 0.070000
2 0.775000 0.406000 0.037500 0.056000
3 0.595000 0.471000 0.055000 0.062000
3 0.654375 0.474000 0.058750 0.068000
3 0.726250 0.471000 0.077500 0.062000
3 0.824375 0.474000 0.108750 0.068000
4 0.856875 0.531000 0.073750 0.062000
4 0.619375 0.530000 0.041250 0.056000
4 0.734375 0.530000 0.041250 0.056000
5 0.266875 0.853000 0.086250 0.046000