0 0.566875 0.221000 0.048750 0.062000
0 0.624375 0.223000 0.068750 0.062000
0 0.692500 0.223000 0.067500 0.062000
1 0.673125 0.330000 0.096250 0.064000
1 0.763750 0.332000 0.085000 0.068000
1 0.599375 0.331000 0.056250 0.062000
2 0.675625 0.410000 0.098750 0.060000
2 0.750000 0.408000 0.037500 0.056000
3 0.588125 0.480000 0.056250 0.064000
3 0.648750 0.481000 0.057500 0.066000
3 0.718125 0.480000 0.081250 0.064000
3 0.816875 0.481000 0.106250 0.066000
4 0.731875 0.543000 0.041250 0.058000
4 0.840000 0.545000 0.075000 0.062000
4 0.617500 0.544000 0.040000 0.056000
5 0.259375 0.902000 0.086250 0.044000