0 0.577500 0.265000 0.050000 0.062000
0 0.638750 0.266000 0.070000 0.064000
0 0.710000 0.268000 0.072500 0.060000
1 0.600000 0.361000 0.157500 0.082000
1 0.723750 0.364000 0.085000 0.068000
1 0.822500 0.363000 0.110000 0.066000
2 0.669375 0.440000 0.083750 0.068000
2 0.738125 0.441000 0.046250 0.066000
3 0.593125 0.507000 0.091250 0.062000
3 0.700000 0.514000 0.110000 0.076000
3 0.788750 0.508000 0.065000 0.056000
3 0.865625 0.514000 0.088750 0.060000
4 0.831250 0.573000 0.070000 0.058000
4 0.616250 0.573000 0.042500 0.050000
4 0.724375 0.577000 0.031250 0.046000
5 0.287500 0.914000 0.087500 0.048000