0 0.623125 0.227000 0.071250 0.066000
0 0.693750 0.227000 0.072500 0.066000
0 0.561250 0.229000 0.052500 0.062000
1 0.794375 0.330000 0.176250 0.072000
1 0.560000 0.335000 0.112500 0.070000
1 0.663125 0.343000 0.088750 0.066000
2 0.673750 0.426000 0.080000 0.072000
2 0.743125 0.427000 0.046250 0.070000
3 0.698750 0.496000 0.112500 0.072000
3 0.586250 0.494000 0.102500 0.064000
3 0.788125 0.493000 0.056250 0.062000
3 0.877500 0.491000 0.062500 0.058000
3 0.831250 0.500000 0.017500 0.040000
4 0.733750 0.560000 0.042500 0.060000
4 0.608125 0.561000 0.038750 0.054000
4 0.865000 0.561000 0.075000 0.054000
5 0.251250 0.919000 0.085000 0.046000