0 0.597500 0.248000 0.052500 0.060000
0 0.656875 0.249000 0.068750 0.062000
0 0.726250 0.250000 0.070000 0.060000
1 0.613750 0.347000 0.152500 0.066000
1 0.741250 0.346000 0.102500 0.064000
1 0.845000 0.347000 0.107500 0.066000
2 0.695625 0.420000 0.098750 0.060000
2 0.765625 0.419000 0.038750 0.054000
3 0.851875 0.493000 0.118750 0.070000
3 0.630625 0.495000 0.093750 0.066000
3 0.733125 0.498000 0.106250 0.072000
4 0.845625 0.556000 0.068750 0.048000
4 0.638750 0.557000 0.035000 0.050000
4 0.741875 0.562000 0.028750 0.048000
5 0.318125 0.901000 0.096250 0.046000