0 0.574375 0.253000 0.051250 0.062000
0 0.634375 0.255000 0.071250 0.062000
0 0.705000 0.255000 0.070000 0.062000
1 0.602500 0.347000 0.055000 0.066000
1 0.670000 0.351000 0.080000 0.070000
1 0.762500 0.348000 0.105000 0.064000
2 0.672500 0.416000 0.095000 0.056000
2 0.744375 0.418000 0.038750 0.052000
3 0.671875 0.494000 0.096250 0.072000
3 0.756875 0.493000 0.068750 0.062000
3 0.805625 0.491000 0.033750 0.050000
4 0.824375 0.546000 0.071250 0.060000
4 0.607500 0.546000 0.037500 0.056000
4 0.718125 0.546000 0.033750 0.048000
5 0.283125 0.883000 0.098750 0.042000