0 0.541875 0.234000 0.048750 0.060000
0 0.601875 0.235000 0.071250 0.062000
0 0.670625 0.237000 0.068750 0.062000
1 0.551250 0.351000 0.112500 0.082000
1 0.678750 0.346000 0.140000 0.068000
1 0.792500 0.347000 0.090000 0.066000
2 0.648125 0.427000 0.076250 0.070000
2 0.712500 0.430000 0.045000 0.068000
3 0.561250 0.491000 0.057500 0.070000
3 0.622500 0.493000 0.057500 0.070000
3 0.691875 0.493000 0.081250 0.070000
3 0.792500 0.503000 0.110000 0.070000
4 0.594375 0.554000 0.036250 0.044000
4 0.705625 0.562000 0.023750 0.044000
4 0.816875 0.565000 0.071250 0.046000
5 0.258125 0.865000 0.081250 0.046000