0 0.560625 0.240000 0.046250 0.060000
0 0.615000 0.244000 0.062500 0.060000
0 0.677500 0.247000 0.065000 0.062000
1 0.562500 0.338000 0.067500 0.064000
1 0.658750 0.343000 0.120000 0.070000
1 0.769375 0.343000 0.101250 0.066000
2 0.661875 0.413000 0.096250 0.062000
2 0.730625 0.413000 0.036250 0.054000
3 0.652500 0.476000 0.087500 0.064000
3 0.733125 0.477000 0.068750 0.062000
2 0.779375 0.476000 0.033750 0.052000
4 0.601250 0.539000 0.042500 0.058000
4 0.827500 0.541000 0.080000 0.054000
4 0.710625 0.547000 0.041250 0.054000
5 0.251875 0.851000 0.086250 0.046000