0 0.551875 0.244000 0.043750 0.060000
0 0.611875 0.246000 0.063750 0.064000
0 0.685000 0.243000 0.070000 0.054000
1 0.686250 0.334000 0.077500 0.068000
1 0.583750 0.340000 0.112500 0.076000
1 0.769375 0.335000 0.081250 0.066000
2 0.648750 0.414000 0.100000 0.064000
2 0.723750 0.414000 0.042500 0.060000
3 0.585625 0.488000 0.076250 0.064000
3 0.832500 0.489000 0.037500 0.066000
3 0.756875 0.488000 0.101250 0.060000
3 0.664375 0.493000 0.071250 0.062000
4 0.813750 0.549000 0.067500 0.046000
4 0.580625 0.549000 0.031250 0.042000
4 0.698125 0.550000 0.031250 0.044000
5 0.258125 0.902000 0.091250 0.048000