0 0.673125 0.276000 0.061250 0.060000
0 0.560000 0.279000 0.045000 0.058000
0 0.611875 0.279000 0.061250 0.058000
1 0.585000 0.373000 0.085000 0.066000
1 0.664375 0.373000 0.071250 0.066000
1 0.750000 0.374000 0.102500 0.068000
2 0.657500 0.446000 0.077500 0.068000
2 0.718750 0.444000 0.040000 0.060000
3 0.641250 0.513000 0.087500 0.066000
3 0.730625 0.506000 0.083750 0.060000
3 0.786875 0.504000 0.026250 0.056000
4 0.820000 0.562000 0.065000 0.048000
4 0.608125 0.567000 0.036250 0.046000
4 0.713750 0.567000 0.035000 0.050000
5 0.289375 0.881000 0.081250 0.038000