0 0.681250 0.227000 0.067500 0.062000
0 0.614375 0.230000 0.066250 0.064000
0 0.558750 0.230000 0.047500 0.060000
1 0.748750 0.331000 0.112500 0.070000
1 0.650000 0.332000 0.080000 0.064000
1 0.580625 0.336000 0.058750 0.064000
2 0.660000 0.415000 0.080000 0.070000
2 0.726875 0.417000 0.043750 0.066000
3 0.655625 0.484000 0.096250 0.068000
3 0.791250 0.474000 0.035000 0.052000
3 0.741250 0.484000 0.067500 0.060000
4 0.612500 0.544000 0.042500 0.056000
4 0.832500 0.549000 0.077500 0.062000
4 0.720000 0.551000 0.035000 0.050000
5 0.252500 0.895000 0.085000 0.046000