0 0.606250 0.244000 0.052500 0.060000
0 0.665000 0.246000 0.067500 0.060000
0 0.731875 0.250000 0.068750 0.060000
1 0.622500 0.337000 0.152500 0.070000
1 0.755000 0.339000 0.120000 0.070000
1 0.858750 0.344000 0.075000 0.064000
2 0.705000 0.407000 0.100000 0.058000
2 0.772500 0.409000 0.037500 0.054000
3 0.710625 0.480000 0.088750 0.060000
3 0.786250 0.480000 0.065000 0.064000
3 0.835000 0.482000 0.030000 0.064000
4 0.649375 0.535000 0.038750 0.050000
4 0.853125 0.544000 0.063750 0.052000
4 0.750000 0.541000 0.027500 0.042000
5 0.328750 0.881000 0.097500 0.046000