0 0.672500 0.251000 0.067500 0.062000
0 0.553750 0.252000 0.045000 0.060000
0 0.607500 0.253000 0.065000 0.062000
1 0.666250 0.351000 0.110000 0.078000
1 0.762500 0.361000 0.082500 0.078000
1 0.575000 0.358000 0.072500 0.064000
2 0.720625 0.435000 0.043750 0.066000
2 0.656875 0.438000 0.073750 0.064000
3 0.816875 0.495000 0.063750 0.058000
3 0.746875 0.506000 0.073750 0.068000
3 0.597500 0.504000 0.092500 0.068000
3 0.676250 0.515000 0.060000 0.066000
4 0.824375 0.563000 0.071250 0.054000
4 0.611875 0.571000 0.041250 0.054000
4 0.720000 0.574000 0.035000 0.052000
5 0.263750 0.941000 0.092500 0.046000