0 0.722500 0.233000 0.072500 0.062000
0 0.651250 0.234000 0.070000 0.060000
0 0.588750 0.235000 0.052500 0.058000
1 0.818125 0.326000 0.086250 0.064000
1 0.717500 0.328000 0.112500 0.080000
1 0.602500 0.325000 0.112500 0.078000
2 0.691875 0.403000 0.061250 0.062000
2 0.750000 0.401000 0.037500 0.054000
3 0.593125 0.479000 0.056250 0.070000
3 0.671250 0.480000 0.092500 0.072000
3 0.769375 0.475000 0.101250 0.062000
3 0.864375 0.478000 0.081250 0.060000
4 0.627500 0.531000 0.040000 0.050000
4 0.740000 0.531000 0.037500 0.046000
4 0.846250 0.536000 0.072500 0.056000
5 0.301875 0.877000 0.093750 0.046000