0 0.586875 0.246000 0.056250 0.060000
0 0.649375 0.247000 0.073750 0.062000
0 0.721875 0.247000 0.071250 0.062000
1 0.611250 0.334000 0.167500 0.072000
1 0.739375 0.338000 0.091250 0.064000
1 0.830625 0.338000 0.093750 0.064000
2 0.690000 0.421000 0.142500 0.070000
2 0.783750 0.415000 0.037500 0.058000
3 0.705000 0.489000 0.127500 0.074000
3 0.597500 0.493000 0.085000 0.070000
3 0.814375 0.493000 0.091250 0.062000
3 0.888750 0.495000 0.055000 0.062000
4 0.845000 0.553000 0.075000 0.058000
4 0.736875 0.551000 0.036250 0.050000
4 0.622500 0.555000 0.037500 0.054000
5 0.293750 0.910000 0.095000 0.048000