0 0.575000 0.240000 0.050000 0.060000
0 0.634375 0.241000 0.068750 0.062000
0 0.705000 0.242000 0.072500 0.064000
1 0.812500 0.335000 0.110000 0.074000
1 0.569375 0.338000 0.106250 0.076000
1 0.697500 0.340000 0.137500 0.080000
2 0.672500 0.413000 0.070000 0.070000
2 0.736875 0.413000 0.046250 0.062000
3 0.751875 0.483000 0.091250 0.070000
3 0.541875 0.484000 0.051250 0.068000
3 0.663750 0.486000 0.072500 0.072000
3 0.894375 0.481000 0.076250 0.086000
3 0.596875 0.483000 0.053750 0.062000
3 0.831875 0.481000 0.061250 0.058000
4 0.720000 0.538000 0.027500 0.052000
4 0.828125 0.540000 0.068750 0.052000
4 0.613750 0.543000 0.037500 0.046000
5 0.293125 0.892000 0.101250 0.040000