0 0.680625 0.247000 0.066250 0.062000
0 0.614375 0.250000 0.066250 0.060000
0 0.558750 0.250000 0.047500 0.060000
1 0.709375 0.352000 0.083750 0.064000
1 0.798750 0.352000 0.095000 0.064000
1 0.589375 0.355000 0.156250 0.066000
2 0.721250 0.430000 0.040000 0.060000
2 0.665625 0.434000 0.063750 0.064000
3 0.570000 0.496000 0.057500 0.064000
3 0.646250 0.498000 0.087500 0.068000
3 0.823750 0.496000 0.080000 0.056000
3 0.736875 0.498000 0.086250 0.056000
4 0.608125 0.556000 0.038750 0.056000
4 0.824375 0.559000 0.073750 0.058000
4 0.718750 0.559000 0.040000 0.054000
5 0.257500 0.896000 0.087500 0.044000