0 0.568750 0.181000 0.055000 0.062000
0 0.633750 0.184000 0.075000 0.064000
0 0.708125 0.184000 0.076250 0.064000
1 0.603750 0.283000 0.112500 0.066000
1 0.704375 0.284000 0.086250 0.064000
1 0.791875 0.289000 0.088750 0.070000
2 0.671250 0.367000 0.082500 0.074000
2 0.740000 0.370000 0.050000 0.068000
3 0.598750 0.441000 0.105000 0.066000
3 0.844375 0.447000 0.131250 0.078000
3 0.713750 0.447000 0.115000 0.070000
4 0.603750 0.505000 0.052500 0.058000
3 0.851250 0.520000 0.075000 0.060000
4 0.728125 0.508000 0.043750 0.056000
5 0.255000 0.887000 0.100000 0.046000