0 0.567500 0.238000 0.047500 0.060000
0 0.625000 0.239000 0.067500 0.062000
0 0.690625 0.238000 0.068750 0.060000
1 0.762500 0.341000 0.137500 0.074000
1 0.590625 0.344000 0.088750 0.064000
1 0.663125 0.345000 0.061250 0.062000
2 0.676875 0.426000 0.058750 0.068000
2 0.730000 0.420000 0.037500 0.056000
3 0.674375 0.491000 0.068750 0.066000
3 0.828125 0.489000 0.086250 0.062000
3 0.597500 0.492000 0.075000 0.064000
3 0.745625 0.492000 0.068750 0.064000
4 0.728750 0.550000 0.040000 0.056000
4 0.845625 0.551000 0.078750 0.058000
4 0.613125 0.554000 0.038750 0.052000
5 0.261250 0.906000 0.087500 0.044000