0 0.587500 0.252000 0.047500 0.052000
0 0.648750 0.251000 0.065000 0.054000
0 0.718125 0.250000 0.063750 0.052000
1 0.599375 0.338000 0.106250 0.068000
1 0.711875 0.338000 0.111250 0.068000
1 0.808750 0.338000 0.082500 0.068000
2 0.687500 0.413000 0.132500 0.070000
2 0.775625 0.408000 0.038750 0.060000
3 0.691875 0.485000 0.101250 0.066000
3 0.863125 0.485000 0.081250 0.058000
3 0.780625 0.485000 0.066250 0.062000
3 0.595000 0.482000 0.082500 0.064000
4 0.837500 0.538000 0.067500 0.044000
4 0.625625 0.542000 0.038750 0.044000
4 0.732500 0.541000 0.027500 0.042000
5 0.307500 0.872000 0.095000 0.044000