0 0.676250 0.172000 0.075000 0.064000
0 0.596875 0.177000 0.078750 0.066000
0 0.528125 0.180000 0.053750 0.064000
1 0.801875 0.277000 0.093750 0.066000
1 0.680000 0.284000 0.150000 0.068000
1 0.545000 0.292000 0.115000 0.068000
2 0.710000 0.374000 0.047500 0.068000
2 0.638125 0.376000 0.093750 0.068000
3 0.850625 0.444000 0.046250 0.060000
3 0.769375 0.449000 0.113750 0.066000
3 0.670625 0.460000 0.073750 0.076000
3 0.581875 0.467000 0.101250 0.074000
4 0.825625 0.511000 0.076250 0.062000
4 0.703125 0.522000 0.033750 0.068000
4 0.574375 0.527000 0.053750 0.054000
5 0.238750 0.936000 0.102500 0.052000