0 0.561875 0.235000 0.046250 0.058000
0 0.615625 0.237000 0.063750 0.058000
0 0.678750 0.237000 0.065000 0.058000
1 0.753750 0.335000 0.135000 0.070000
1 0.571250 0.334000 0.070000 0.064000
1 0.643125 0.332000 0.086250 0.060000
2 0.662500 0.411000 0.072500 0.066000
2 0.725000 0.411000 0.042500 0.066000
3 0.801875 0.469000 0.103750 0.066000
3 0.585625 0.470000 0.053750 0.064000
3 0.642500 0.471000 0.055000 0.062000
3 0.710000 0.478000 0.077500 0.064000
4 0.825625 0.528000 0.071250 0.056000
4 0.616875 0.529000 0.041250 0.054000
4 0.723750 0.531000 0.037500 0.050000
5 0.267500 0.874000 0.087500 0.044000