0 0.679375 0.237000 0.068750 0.062000
0 0.555625 0.239000 0.048750 0.062000
0 0.612500 0.238000 0.067500 0.060000
1 0.763125 0.345000 0.111250 0.066000
1 0.667500 0.346000 0.082500 0.064000
1 0.581875 0.348000 0.091250 0.064000
2 0.663750 0.430000 0.105000 0.072000
2 0.738125 0.424000 0.038750 0.056000
3 0.536875 0.500000 0.121250 0.072000
3 0.626250 0.496000 0.047500 0.064000
3 0.696875 0.501000 0.088750 0.074000
3 0.779375 0.500000 0.063750 0.072000
3 0.860625 0.501000 0.086250 0.070000
3 0.923125 0.498000 0.031250 0.056000
4 0.826250 0.563000 0.072500 0.046000
4 0.606875 0.561000 0.038750 0.054000
4 0.716875 0.563000 0.023750 0.046000
5 0.263125 0.887000 0.083750 0.042000