0 0.613125 0.268000 0.046250 0.056000
0 0.671250 0.272000 0.065000 0.056000
0 0.740625 0.272000 0.063750 0.060000
1 0.616250 0.365000 0.112500 0.078000
1 0.829375 0.369000 0.126250 0.066000
2 0.717500 0.367000 0.087500 0.070000
2 0.715000 0.445000 0.100000 0.066000
2 0.783750 0.440000 0.040000 0.060000
3 0.710625 0.509000 0.091250 0.058000
3 0.791250 0.507000 0.067500 0.058000
3 0.841250 0.504000 0.035000 0.052000
4 0.855000 0.560000 0.067500 0.056000
4 0.647500 0.564000 0.040000 0.044000
4 0.753750 0.568000 0.027500 0.044000
5 0.323750 0.897000 0.100000 0.046000