0 0.672500 0.255000 0.067500 0.062000
0 0.604375 0.257000 0.068750 0.062000
0 0.546875 0.258000 0.048750 0.060000
1 0.658125 0.357000 0.133750 0.082000
1 0.768125 0.354000 0.083750 0.068000
1 0.560000 0.359000 0.065000 0.066000
2 0.655625 0.434000 0.071250 0.064000
2 0.718750 0.435000 0.042500 0.058000
3 0.753125 0.490000 0.101250 0.060000
3 0.662500 0.496000 0.070000 0.068000
3 0.829375 0.496000 0.043750 0.060000
3 0.587500 0.497000 0.070000 0.058000
4 0.828750 0.553000 0.072500 0.042000
4 0.713125 0.559000 0.036250 0.046000
4 0.595000 0.559000 0.037500 0.042000
5 0.257500 0.879000 0.082500 0.042000