0 0.565625 0.268000 0.048750 0.064000
0 0.621875 0.268000 0.068750 0.064000
0 0.688750 0.269000 0.067500 0.062000
1 0.590625 0.373000 0.061250 0.066000
1 0.658750 0.371000 0.075000 0.062000
1 0.753750 0.374000 0.112500 0.068000
2 0.673750 0.456000 0.105000 0.068000
2 0.748750 0.450000 0.037500 0.056000
3 0.674375 0.521000 0.051250 0.066000
3 0.745625 0.525000 0.086250 0.074000
3 0.534375 0.522000 0.076250 0.064000
3 0.612500 0.526000 0.070000 0.072000
3 0.838750 0.525000 0.087500 0.070000
3 0.908750 0.528000 0.050000 0.072000
4 0.839375 0.596000 0.071250 0.060000
4 0.621250 0.594000 0.040000 0.056000
4 0.731250 0.589000 0.032500 0.046000
5 0.259375 0.947000 0.088750 0.046000