0 0.679375 0.279000 0.068750 0.062000
0 0.611250 0.282000 0.067500 0.060000
0 0.554375 0.285000 0.046250 0.058000
1 0.776250 0.384000 0.087500 0.068000
1 0.676875 0.384000 0.106250 0.068000
1 0.581250 0.391000 0.090000 0.070000
2 0.741875 0.470000 0.041250 0.068000
2 0.666250 0.474000 0.102500 0.068000
3 0.740000 0.532000 0.067500 0.056000
3 0.790000 0.531000 0.035000 0.050000
3 0.656875 0.540000 0.093750 0.064000
4 0.838125 0.594000 0.076250 0.060000
4 0.718125 0.598000 0.038750 0.052000
4 0.603750 0.608000 0.037500 0.060000
5 0.268750 0.953000 0.087500 0.062000