0 0.586250 0.272000 0.052500 0.064000
0 0.646250 0.275000 0.072500 0.066000
0 0.718125 0.276000 0.073750 0.064000
1 0.616250 0.361000 0.157500 0.086000
1 0.746250 0.371000 0.097500 0.074000
1 0.828750 0.372000 0.067500 0.072000
2 0.745625 0.444000 0.043750 0.068000
2 0.680625 0.445000 0.076250 0.066000
3 0.678125 0.517000 0.096250 0.070000
3 0.763125 0.515000 0.071250 0.062000
3 0.812500 0.516000 0.035000 0.052000
4 0.843125 0.572000 0.073750 0.060000
4 0.614375 0.575000 0.038750 0.054000
4 0.728750 0.575000 0.037500 0.054000
5 0.299375 0.925000 0.093750 0.046000