0 0.608750 0.243000 0.067500 0.062000
0 0.675000 0.242000 0.067500 0.060000
0 0.552500 0.244000 0.047500 0.060000
1 0.698125 0.347000 0.081250 0.066000
1 0.785000 0.346000 0.090000 0.064000
1 0.588750 0.350000 0.137500 0.068000
2 0.735000 0.422000 0.037500 0.056000
2 0.661875 0.425000 0.098750 0.058000
3 0.653750 0.491000 0.095000 0.070000
3 0.738125 0.490000 0.068750 0.060000
3 0.787500 0.491000 0.035000 0.062000
4 0.829375 0.559000 0.068750 0.054000
4 0.610000 0.561000 0.037500 0.054000
4 0.718750 0.560000 0.030000 0.052000
5 0.253125 0.912000 0.083750 0.044000