0 0.605000 0.232000 0.070000 0.064000
0 0.673125 0.231000 0.068750 0.062000
0 0.545625 0.233000 0.048750 0.062000
1 0.585625 0.339000 0.106250 0.066000
1 0.766875 0.338000 0.081250 0.064000
1 0.683750 0.342000 0.085000 0.068000
2 0.658750 0.419000 0.100000 0.058000
2 0.732500 0.421000 0.040000 0.062000
3 0.647500 0.491000 0.100000 0.070000
3 0.735625 0.488000 0.071250 0.056000
3 0.788125 0.487000 0.023750 0.054000
4 0.833750 0.553000 0.072500 0.054000
4 0.713750 0.557000 0.040000 0.054000
4 0.591250 0.558000 0.037500 0.048000
5 0.238750 0.905000 0.085000 0.042000