0 0.558750 0.260000 0.047500 0.060000
0 0.614375 0.261000 0.066250 0.062000
0 0.678125 0.260000 0.063750 0.060000
1 0.772500 0.364000 0.092500 0.064000
1 0.591875 0.370000 0.111250 0.076000
1 0.685625 0.366000 0.078750 0.068000
2 0.664375 0.451000 0.126250 0.074000
2 0.752500 0.442000 0.037500 0.056000
3 0.655000 0.513000 0.092500 0.066000
3 0.739375 0.511000 0.063750 0.058000
3 0.784375 0.508000 0.036250 0.052000
4 0.833125 0.571000 0.076250 0.062000
4 0.718125 0.575000 0.041250 0.058000
4 0.600625 0.576000 0.038750 0.056000
5 0.265000 0.935000 0.090000 0.050000