0 0.644375 0.318000 0.043750 0.052000
0 0.557500 0.325000 0.030000 0.046000
0 0.598125 0.324000 0.043750 0.044000
1 0.722500 0.389000 0.087500 0.062000
1 0.557500 0.401000 0.082500 0.066000
1 0.638125 0.401000 0.073750 0.050000
2 0.633125 0.456000 0.051250 0.052000
2 0.678750 0.456000 0.032500 0.044000
3 0.758750 0.500000 0.060000 0.048000
3 0.703125 0.501000 0.046250 0.050000
3 0.642500 0.507000 0.072500 0.046000
3 0.570000 0.510000 0.062500 0.048000
4 0.750625 0.549000 0.051250 0.038000
4 0.673750 0.553000 0.020000 0.034000
4 0.595000 0.558000 0.027500 0.040000
5 0.351250 0.825000 0.062500 0.034000