0 0.555000 0.308000 0.047500 0.064000
0 0.677500 0.307000 0.065000 0.058000
0 0.611250 0.308000 0.070000 0.060000
1 0.762500 0.396000 0.137500 0.072000
1 0.582500 0.407000 0.130000 0.070000
1 0.671875 0.405000 0.056250 0.062000
2 0.656875 0.478000 0.071250 0.064000
2 0.720625 0.481000 0.046250 0.066000
3 0.574375 0.535000 0.053750 0.058000
3 0.630000 0.539000 0.055000 0.062000
3 0.701250 0.538000 0.072500 0.060000
3 0.798125 0.542000 0.103750 0.064000
4 0.826875 0.596000 0.071250 0.060000
4 0.597500 0.598000 0.035000 0.052000
4 0.712500 0.598000 0.035000 0.048000
5 0.254375 0.922000 0.083750 0.048000