0 0.655000 0.243000 0.072500 0.062000
0 0.727500 0.243000 0.072500 0.062000
0 0.593125 0.244000 0.053750 0.060000
1 0.605625 0.344000 0.161250 0.072000
1 0.730625 0.342000 0.086250 0.068000
1 0.840000 0.346000 0.130000 0.076000
2 0.788125 0.413000 0.038750 0.054000
2 0.693750 0.423000 0.140000 0.066000
3 0.680625 0.491000 0.086250 0.070000
3 0.604375 0.488000 0.056250 0.060000
3 0.777500 0.488000 0.097500 0.056000
3 0.871875 0.491000 0.081250 0.062000
4 0.745625 0.545000 0.038750 0.050000
4 0.850000 0.548000 0.072500 0.056000
4 0.633125 0.549000 0.041250 0.054000
5 0.305625 0.902000 0.098750 0.048000