0 0.563125 0.231000 0.048750 0.058000
0 0.619375 0.234000 0.068750 0.060000
0 0.686250 0.236000 0.065000 0.060000
1 0.561250 0.332000 0.062500 0.068000
1 0.633750 0.337000 0.090000 0.074000
1 0.758125 0.340000 0.158750 0.076000
2 0.668750 0.416000 0.075000 0.072000
2 0.731875 0.413000 0.043750 0.066000
3 0.858750 0.474000 0.057500 0.072000
3 0.693125 0.477000 0.101250 0.070000
3 0.771875 0.474000 0.053750 0.060000
3 0.585000 0.474000 0.092500 0.052000
3 0.815000 0.482000 0.015000 0.032000
4 0.726875 0.535000 0.041250 0.058000
4 0.841250 0.536000 0.072500 0.060000
4 0.608125 0.536000 0.041250 0.056000
5 0.258750 0.875000 0.085000 0.042000