0 0.631875 0.253000 0.068750 0.062000
0 0.698750 0.252000 0.067500 0.060000
0 0.574375 0.254000 0.048750 0.060000
1 0.598125 0.355000 0.161250 0.078000
1 0.817500 0.354000 0.110000 0.068000
1 0.720625 0.357000 0.081250 0.066000
2 0.745625 0.437000 0.043750 0.066000
2 0.679375 0.439000 0.076250 0.066000
3 0.673125 0.506000 0.098750 0.068000
3 0.760625 0.499000 0.068750 0.054000
3 0.810000 0.498000 0.035000 0.052000
4 0.857500 0.560000 0.075000 0.060000
4 0.618750 0.565000 0.040000 0.058000
4 0.738125 0.564000 0.038750 0.056000
5 0.271250 0.919000 0.087500 0.046000