0 0.575625 0.212000 0.053750 0.064000
0 0.638125 0.213000 0.073750 0.062000
0 0.710625 0.215000 0.073750 0.066000
1 0.588750 0.312000 0.085000 0.068000
1 0.698125 0.312000 0.131250 0.068000
1 0.808125 0.314000 0.086250 0.068000
2 0.678750 0.395000 0.107500 0.074000
2 0.753750 0.387000 0.037500 0.058000
3 0.836250 0.462000 0.120000 0.068000
3 0.613750 0.465000 0.095000 0.062000
3 0.717500 0.470000 0.107500 0.072000
4 0.618125 0.523000 0.048750 0.058000
4 0.831875 0.525000 0.073750 0.058000
4 0.724375 0.533000 0.026250 0.050000
5 0.290625 0.881000 0.083750 0.050000