0 0.560000 0.248000 0.045000 0.060000
0 0.618750 0.248000 0.062500 0.056000
0 0.690000 0.248000 0.065000 0.056000
1 0.583750 0.346000 0.150000 0.084000
1 0.809375 0.351000 0.116250 0.078000
1 0.704375 0.349000 0.078750 0.070000
2 0.671875 0.435000 0.103750 0.070000
2 0.750625 0.430000 0.038750 0.052000
3 0.775625 0.499000 0.071250 0.070000
3 0.850000 0.505000 0.065000 0.066000
3 0.581875 0.503000 0.078750 0.058000
3 0.681875 0.507000 0.106250 0.066000
4 0.616250 0.570000 0.035000 0.044000
4 0.839375 0.570000 0.071250 0.044000
4 0.725000 0.573000 0.020000 0.038000
5 0.253125 0.927000 0.093750 0.038000