0 0.712500 0.274000 0.062500 0.068000
0 0.638750 0.278000 0.062500 0.072000
0 0.576875 0.275000 0.043750 0.058000
1 0.710625 0.365000 0.081250 0.074000
1 0.798750 0.370000 0.080000 0.084000
1 0.609375 0.368000 0.108750 0.076000
2 0.680000 0.445000 0.100000 0.074000
2 0.754375 0.447000 0.036250 0.070000
3 0.593125 0.518000 0.098750 0.072000
3 0.788125 0.519000 0.058750 0.066000
3 0.869375 0.522000 0.098750 0.072000
3 0.700000 0.524000 0.107500 0.068000
4 0.725000 0.582000 0.027500 0.048000
4 0.831250 0.587000 0.070000 0.054000
4 0.616250 0.584000 0.040000 0.044000
5 0.291250 0.943000 0.095000 0.062000