0 0.579375 0.226000 0.036250 0.060000
0 0.633125 0.230000 0.056250 0.056000
0 0.701250 0.228000 0.060000 0.052000
1 0.798750 0.323000 0.087500 0.066000
1 0.587500 0.330000 0.070000 0.056000
1 0.688125 0.330000 0.123750 0.056000
2 0.680625 0.407000 0.071250 0.070000
2 0.744375 0.410000 0.046250 0.068000
3 0.869375 0.473000 0.058750 0.062000
3 0.596250 0.473000 0.095000 0.054000
3 0.701250 0.476000 0.100000 0.060000
3 0.784375 0.474000 0.056250 0.052000
3 0.825000 0.478000 0.017500 0.028000
4 0.628750 0.535000 0.032500 0.050000
4 0.736250 0.539000 0.017500 0.042000
4 0.846250 0.540000 0.065000 0.044000
5 0.273750 0.882000 0.085000 0.044000