0 0.623125 0.269000 0.073750 0.062000
0 0.561250 0.271000 0.052500 0.062000
0 0.694375 0.270000 0.068750 0.060000
1 0.753125 0.364000 0.138750 0.072000
1 0.569375 0.366000 0.061250 0.068000
1 0.639375 0.365000 0.081250 0.066000
2 0.736875 0.433000 0.038750 0.054000
2 0.670000 0.437000 0.110000 0.058000
3 0.575625 0.511000 0.096250 0.066000
3 0.680625 0.517000 0.106250 0.070000
3 0.849375 0.518000 0.088750 0.072000
3 0.770625 0.514000 0.061250 0.064000
4 0.601250 0.576000 0.037500 0.052000
4 0.819375 0.575000 0.073750 0.046000
4 0.709375 0.579000 0.026250 0.046000
5 0.283125 0.909000 0.096250 0.046000