0 0.685625 0.282000 0.066250 0.060000
0 0.561250 0.281000 0.047500 0.062000
0 0.618125 0.282000 0.066250 0.064000
1 0.789375 0.384000 0.101250 0.068000
1 0.571875 0.392000 0.111250 0.080000
1 0.682500 0.387000 0.112500 0.070000
2 0.727500 0.465000 0.045000 0.066000
2 0.662500 0.465000 0.075000 0.066000
3 0.736875 0.523000 0.083750 0.062000
3 0.801250 0.532000 0.035000 0.060000
3 0.646250 0.528000 0.097500 0.056000
4 0.721875 0.591000 0.033750 0.050000
4 0.612500 0.590000 0.035000 0.048000
4 0.826875 0.594000 0.068750 0.052000
5 0.271250 0.917000 0.085000 0.050000