0 0.605625 0.246000 0.068750 0.064000
0 0.673125 0.245000 0.068750 0.062000
0 0.548125 0.247000 0.046250 0.058000
1 0.815000 0.349000 0.167500 0.078000
1 0.504375 0.362000 0.111250 0.076000
1 0.619375 0.364000 0.113750 0.080000
1 0.705000 0.358000 0.057500 0.068000
2 0.653750 0.439000 0.077500 0.070000
2 0.720625 0.438000 0.043750 0.068000
3 0.563750 0.502000 0.097500 0.060000
3 0.670625 0.508000 0.106250 0.072000
3 0.760000 0.501000 0.062500 0.054000
3 0.839375 0.503000 0.088750 0.058000
4 0.604375 0.567000 0.041250 0.058000
4 0.715000 0.568000 0.030000 0.060000
4 0.824375 0.566000 0.076250 0.056000
5 0.243750 0.931000 0.085000 0.046000