0 0.618750 0.236000 0.067500 0.064000
0 0.685625 0.236000 0.066250 0.064000
0 0.561875 0.236000 0.048750 0.060000
1 0.585000 0.339000 0.102500 0.066000
1 0.678125 0.339000 0.081250 0.066000
1 0.775625 0.340000 0.111250 0.068000
2 0.665000 0.421000 0.075000 0.070000
2 0.728750 0.420000 0.045000 0.068000
3 0.856250 0.480000 0.057500 0.068000
3 0.686250 0.484000 0.102500 0.072000
3 0.814375 0.477000 0.026250 0.058000
3 0.583125 0.482000 0.098750 0.064000
3 0.768750 0.480000 0.060000 0.056000
4 0.610625 0.540000 0.041250 0.056000
4 0.721250 0.542000 0.042500 0.060000
4 0.837500 0.543000 0.075000 0.062000
5 0.264375 0.873000 0.086250 0.042000