0 0.678125 0.253000 0.066250 0.062000
0 0.554375 0.256000 0.046250 0.060000
0 0.610625 0.256000 0.068750 0.060000
1 0.761250 0.348000 0.132500 0.076000
1 0.566250 0.351000 0.087500 0.066000
1 0.651250 0.351000 0.082500 0.066000
2 0.723125 0.426000 0.043750 0.068000
2 0.658125 0.426000 0.076250 0.064000
3 0.650625 0.482000 0.093750 0.064000
3 0.737500 0.480000 0.070000 0.056000
3 0.785625 0.479000 0.033750 0.050000
4 0.824375 0.537000 0.076250 0.062000
4 0.605625 0.538000 0.043750 0.060000
4 0.720000 0.540000 0.040000 0.056000
5 0.258125 0.859000 0.083750 0.046000