0 0.568125 0.228000 0.048750 0.060000
0 0.623750 0.230000 0.067500 0.060000
0 0.689375 0.230000 0.066250 0.056000
1 0.603125 0.331000 0.056250 0.066000
1 0.671875 0.330000 0.081250 0.064000
1 0.754375 0.337000 0.083750 0.074000
2 0.731875 0.412000 0.043750 0.068000
2 0.667500 0.414000 0.077500 0.068000
3 0.570625 0.470000 0.081250 0.060000
3 0.665625 0.477000 0.103750 0.070000
3 0.768125 0.478000 0.096250 0.068000
3 0.854375 0.473000 0.073750 0.058000
4 0.725000 0.532000 0.042500 0.060000
4 0.849375 0.536000 0.091250 0.064000
4 0.610625 0.536000 0.043750 0.060000
5 0.269375 0.864000 0.086250 0.040000