0 0.572500 0.240000 0.052500 0.060000
0 0.633750 0.241000 0.070000 0.062000
0 0.704375 0.241000 0.071250 0.062000
1 0.617500 0.337000 0.062500 0.070000
1 0.692500 0.337000 0.085000 0.070000
1 0.769375 0.336000 0.066250 0.068000
2 0.673125 0.413000 0.103750 0.070000
2 0.745625 0.407000 0.038750 0.058000
3 0.542500 0.479000 0.077500 0.058000
3 0.639375 0.486000 0.108750 0.068000
3 0.741250 0.485000 0.085000 0.066000
3 0.826875 0.481000 0.076250 0.058000
3 0.905000 0.486000 0.080000 0.064000
4 0.604375 0.541000 0.041250 0.058000
4 0.718750 0.540000 0.040000 0.056000
4 0.831250 0.541000 0.072500 0.058000
5 0.286875 0.891000 0.078750 0.042000