0 0.571875 0.274000 0.048750 0.060000
0 0.628750 0.276000 0.067500 0.060000
0 0.695625 0.276000 0.066250 0.060000
1 0.554375 0.360000 0.146250 0.068000
1 0.704375 0.363000 0.146250 0.070000
1 0.835000 0.364000 0.112500 0.064000
2 0.670000 0.426000 0.092500 0.056000
2 0.735000 0.428000 0.037500 0.052000
3 0.652500 0.498000 0.087500 0.072000
3 0.581250 0.497000 0.052500 0.062000
3 0.743750 0.497000 0.090000 0.062000
3 0.832500 0.503000 0.077500 0.058000
4 0.711250 0.557000 0.035000 0.042000
4 0.602500 0.560000 0.032500 0.048000
4 0.823125 0.558000 0.066250 0.040000
5 0.297500 0.876000 0.095000 0.044000