0 0.573750 0.287000 0.047500 0.058000
0 0.629375 0.288000 0.066250 0.060000
0 0.694375 0.289000 0.068750 0.062000
1 0.564375 0.384000 0.056250 0.064000
1 0.654375 0.385000 0.126250 0.066000
1 0.782500 0.385000 0.130000 0.066000
2 0.673750 0.462000 0.077500 0.068000
2 0.738750 0.461000 0.042500 0.062000
3 0.669375 0.518000 0.091250 0.064000
3 0.751250 0.517000 0.067500 0.054000
3 0.800000 0.517000 0.035000 0.050000
4 0.836250 0.574000 0.075000 0.060000
4 0.623750 0.576000 0.040000 0.056000
4 0.730625 0.580000 0.033750 0.048000
5 0.268750 0.903000 0.087500 0.046000