0 0.708125 0.249000 0.071250 0.062000
0 0.578125 0.251000 0.051250 0.062000
0 0.638125 0.252000 0.071250 0.064000
1 0.611250 0.352000 0.080000 0.076000
1 0.695625 0.346000 0.083750 0.064000
1 0.780625 0.346000 0.086250 0.064000
2 0.768750 0.418000 0.037500 0.056000
2 0.678750 0.424000 0.140000 0.056000
3 0.676875 0.494000 0.088750 0.072000
3 0.761250 0.493000 0.067500 0.062000
3 0.810625 0.491000 0.026250 0.054000
4 0.830000 0.548000 0.075000 0.056000
4 0.615625 0.557000 0.041250 0.046000
4 0.723750 0.558000 0.030000 0.044000
5 0.290000 0.898000 0.097500 0.048000