0 0.615000 0.277000 0.070000 0.062000
0 0.683750 0.276000 0.067500 0.060000
0 0.558750 0.277000 0.047500 0.058000
1 0.558750 0.384000 0.155000 0.068000
1 0.679375 0.384000 0.083750 0.064000
1 0.801875 0.386000 0.161250 0.068000
2 0.663125 0.466000 0.076250 0.068000
2 0.727500 0.467000 0.045000 0.066000
3 0.706875 0.529000 0.078750 0.066000
3 0.576250 0.530000 0.055000 0.064000
3 0.634375 0.529000 0.056250 0.062000
3 0.805625 0.532000 0.106250 0.064000
4 0.826250 0.592000 0.072500 0.060000
4 0.607500 0.592000 0.040000 0.056000
4 0.720625 0.594000 0.036250 0.052000
5 0.255000 0.934000 0.085000 0.048000