0 0.542500 0.198000 0.052500 0.060000
0 0.605000 0.200000 0.072500 0.064000
0 0.677500 0.200000 0.072500 0.064000
1 0.580625 0.293000 0.106250 0.066000
1 0.676875 0.295000 0.083750 0.066000
1 0.761875 0.298000 0.083750 0.068000
2 0.638750 0.374000 0.077500 0.068000
2 0.704375 0.376000 0.046250 0.068000
3 0.641250 0.447000 0.100000 0.066000
3 0.729375 0.449000 0.071250 0.066000
3 0.781250 0.446000 0.032500 0.052000
4 0.568750 0.505000 0.040000 0.066000
4 0.686875 0.504000 0.038750 0.056000
4 0.810625 0.513000 0.071250 0.062000
5 0.238750 0.847000 0.090000 0.046000