0 0.695000 0.262000 0.065000 0.060000
0 0.576250 0.263000 0.047500 0.058000
0 0.630625 0.263000 0.063750 0.058000
1 0.776875 0.357000 0.083750 0.066000
1 0.680000 0.362000 0.105000 0.072000
1 0.596875 0.361000 0.061250 0.066000
2 0.681875 0.429000 0.091250 0.058000
2 0.750000 0.428000 0.037500 0.052000
3 0.670625 0.493000 0.091250 0.066000
3 0.799375 0.490000 0.033750 0.052000
3 0.751875 0.493000 0.066250 0.054000
4 0.836250 0.548000 0.075000 0.060000
4 0.625625 0.552000 0.038750 0.056000
4 0.733125 0.560000 0.036250 0.052000
5 0.285000 0.877000 0.085000 0.042000