0 0.563750 0.278000 0.045000 0.060000
0 0.617500 0.278000 0.062500 0.060000
0 0.680000 0.278000 0.062500 0.060000
1 0.752500 0.380000 0.105000 0.068000
1 0.586875 0.379000 0.081250 0.062000
1 0.663750 0.379000 0.077500 0.062000
2 0.665000 0.457000 0.097500 0.070000
2 0.733125 0.453000 0.036250 0.054000
3 0.568125 0.511000 0.076250 0.058000
3 0.751875 0.517000 0.086250 0.066000
3 0.833125 0.516000 0.073750 0.060000
3 0.656875 0.518000 0.091250 0.060000
4 0.710000 0.571000 0.040000 0.058000
4 0.818750 0.575000 0.067500 0.054000
4 0.606250 0.577000 0.032500 0.042000
5 0.286250 0.903000 0.087500 0.042000