0 0.606250 0.299000 0.045000 0.058000
0 0.660625 0.306000 0.063750 0.060000
0 0.722500 0.309000 0.062500 0.058000
1 0.628750 0.399000 0.102500 0.062000
1 0.718125 0.406000 0.073750 0.064000
1 0.805625 0.411000 0.098750 0.066000
2 0.763125 0.481000 0.043750 0.062000
2 0.705625 0.484000 0.068750 0.064000
3 0.698750 0.538000 0.087500 0.056000
3 0.773750 0.536000 0.060000 0.052000
3 0.822500 0.541000 0.030000 0.050000
4 0.646875 0.589000 0.038750 0.058000
4 0.858750 0.605000 0.060000 0.054000
4 0.757500 0.603000 0.037500 0.050000
5 0.295000 0.918000 0.095000 0.044000