0 0.722500 0.241000 0.065000 0.062000
0 0.660000 0.242000 0.062500 0.060000
0 0.605000 0.243000 0.047500 0.058000
1 0.785625 0.343000 0.108750 0.070000
1 0.695000 0.344000 0.077500 0.064000
1 0.625000 0.346000 0.060000 0.060000
2 0.782500 0.417000 0.035000 0.054000
2 0.710000 0.426000 0.095000 0.068000
3 0.781250 0.488000 0.062500 0.052000
3 0.830625 0.480000 0.031250 0.052000
3 0.698125 0.487000 0.091250 0.058000
4 0.876250 0.546000 0.067500 0.052000
4 0.649375 0.554000 0.038750 0.052000
4 0.761875 0.550000 0.033750 0.044000
5 0.323750 0.903000 0.087500 0.042000