0 0.564375 0.266000 0.048750 0.064000
0 0.687500 0.269000 0.067500 0.062000
1 0.621250 0.270000 0.067500 0.064000
1 0.574375 0.378000 0.111250 0.076000
1 0.674375 0.374000 0.088750 0.064000
1 0.782500 0.376000 0.130000 0.068000
2 0.669375 0.459000 0.101250 0.070000
2 0.746250 0.459000 0.037500 0.054000
3 0.660625 0.524000 0.091250 0.064000
3 0.743125 0.522000 0.068750 0.060000
3 0.791875 0.523000 0.031250 0.050000
4 0.608750 0.584000 0.040000 0.056000
4 0.721250 0.586000 0.037500 0.052000
4 0.835000 0.589000 0.065000 0.054000
5 0.261250 0.925000 0.087500 0.046000