0 0.553125 0.216000 0.048750 0.064000
0 0.677500 0.216000 0.067500 0.064000
0 0.610625 0.216000 0.068750 0.060000
1 0.516250 0.323000 0.140000 0.070000
1 0.757500 0.325000 0.132500 0.074000
1 0.638125 0.324000 0.106250 0.064000
1 0.865625 0.332000 0.078750 0.076000
2 0.656875 0.407000 0.073750 0.070000
2 0.721250 0.410000 0.045000 0.068000
3 0.564375 0.471000 0.098750 0.062000
3 0.670625 0.478000 0.106250 0.072000
3 0.759375 0.473000 0.061250 0.058000
3 0.839375 0.476000 0.088750 0.060000
4 0.824375 0.541000 0.073750 0.062000
4 0.603125 0.539000 0.038750 0.054000
4 0.713125 0.547000 0.026250 0.050000
5 0.245000 0.878000 0.082500 0.048000