0 0.566250 0.230000 0.052500 0.064000
0 0.626875 0.230000 0.071250 0.064000
0 0.697500 0.231000 0.072500 0.066000
1 0.775000 0.328000 0.140000 0.076000
1 0.648750 0.327000 0.110000 0.070000
1 0.566875 0.330000 0.058750 0.064000
2 0.668750 0.406000 0.102500 0.068000
2 0.745000 0.403000 0.037500 0.054000
3 0.669375 0.480000 0.098750 0.072000
3 0.755000 0.478000 0.070000 0.060000
3 0.808125 0.480000 0.033750 0.052000
4 0.603750 0.535000 0.042500 0.058000
4 0.713750 0.545000 0.027500 0.058000
4 0.826250 0.544000 0.072500 0.060000
5 0.277500 0.879000 0.095000 0.046000