0 0.588750 0.227000 0.055000 0.062000
0 0.652500 0.228000 0.072500 0.064000
0 0.725000 0.228000 0.072500 0.064000
1 0.796250 0.327000 0.110000 0.074000
1 0.611875 0.326000 0.091250 0.068000
1 0.697500 0.324000 0.082500 0.064000
2 0.695000 0.402000 0.060000 0.068000
2 0.750625 0.402000 0.038750 0.068000
3 0.870625 0.477000 0.061250 0.074000
3 0.810000 0.476000 0.055000 0.068000
3 0.616875 0.475000 0.078750 0.062000
3 0.691875 0.477000 0.071250 0.066000
3 0.754375 0.475000 0.048750 0.062000
4 0.858750 0.540000 0.072500 0.056000
4 0.741875 0.541000 0.041250 0.058000
4 0.625000 0.537000 0.042500 0.058000
5 0.305625 0.903000 0.098750 0.050000