0 0.613750 0.230000 0.067500 0.064000
0 0.681250 0.229000 0.067500 0.062000
0 0.557500 0.230000 0.047500 0.060000
1 0.748750 0.333000 0.112500 0.070000
1 0.651250 0.334000 0.080000 0.064000
1 0.581250 0.338000 0.057500 0.064000
2 0.661875 0.419000 0.078750 0.070000
2 0.726875 0.417000 0.043750 0.066000
3 0.655625 0.481000 0.098750 0.066000
3 0.740000 0.481000 0.067500 0.058000
3 0.792500 0.482000 0.030000 0.056000
4 0.832500 0.549000 0.072500 0.054000
4 0.612500 0.552000 0.040000 0.048000
4 0.723750 0.553000 0.027500 0.050000
5 0.256250 0.908000 0.087500 0.044000