0 0.680000 0.204000 0.072500 0.064000
0 0.607500 0.207000 0.072500 0.062000
0 0.546250 0.208000 0.052500 0.060000
1 0.765000 0.295000 0.115000 0.066000
1 0.663125 0.301000 0.083750 0.066000
1 0.563750 0.307000 0.112500 0.074000
2 0.709375 0.378000 0.046250 0.068000
2 0.644375 0.379000 0.076250 0.066000
3 0.833750 0.451000 0.092500 0.074000
3 0.746875 0.450000 0.073750 0.068000
3 0.651875 0.454000 0.108750 0.072000
3 0.550625 0.449000 0.083750 0.058000
4 0.693125 0.506000 0.041250 0.056000
4 0.815625 0.514000 0.073750 0.056000
4 0.578125 0.521000 0.043750 0.058000
5 0.260625 0.856000 0.091250 0.044000