0 0.566875 0.254000 0.046250 0.060000
0 0.619375 0.258000 0.063750 0.060000
0 0.682500 0.261000 0.062500 0.058000
1 0.501875 0.348000 0.058750 0.064000
1 0.591250 0.353000 0.122500 0.066000
1 0.719375 0.357000 0.131250 0.066000
1 0.831250 0.365000 0.097500 0.070000
2 0.660000 0.430000 0.072500 0.068000
2 0.722500 0.430000 0.042500 0.064000
3 0.645625 0.485000 0.091250 0.066000
3 0.735000 0.486000 0.085000 0.060000
3 0.790000 0.487000 0.027500 0.054000
4 0.603750 0.537000 0.040000 0.058000
4 0.819375 0.545000 0.068750 0.058000
4 0.712500 0.543000 0.040000 0.050000
5 0.270625 0.847000 0.083750 0.042000