0 0.639375 0.176000 0.073750 0.064000
0 0.711875 0.175000 0.068750 0.062000
0 0.579375 0.177000 0.051250 0.058000
1 0.709375 0.274000 0.133750 0.068000
1 0.590000 0.272000 0.102500 0.060000
1 0.823125 0.274000 0.083750 0.064000
2 0.672500 0.351000 0.080000 0.066000
2 0.738125 0.354000 0.046250 0.064000
3 0.790000 0.423000 0.105000 0.062000
3 0.620625 0.428000 0.088750 0.068000
3 0.698750 0.430000 0.062500 0.072000
2 0.861875 0.424000 0.038750 0.056000
4 0.723125 0.481000 0.046250 0.058000
4 0.838125 0.481000 0.071250 0.058000
4 0.613125 0.489000 0.051250 0.054000
5 0.293750 0.831000 0.097500 0.046000