0 0.541250 0.277000 0.050000 0.062000
0 0.603125 0.279000 0.073750 0.062000
0 0.674375 0.278000 0.071250 0.060000
1 0.565625 0.363000 0.153750 0.078000
1 0.696250 0.372000 0.097500 0.068000
1 0.795000 0.371000 0.097500 0.066000
2 0.641875 0.443000 0.101250 0.070000
2 0.716875 0.438000 0.038750 0.056000
3 0.546875 0.506000 0.056250 0.064000
3 0.623125 0.510000 0.091250 0.072000
3 0.723750 0.511000 0.102500 0.066000
3 0.819375 0.513000 0.083750 0.058000
4 0.567500 0.561000 0.037500 0.050000
4 0.684375 0.563000 0.038750 0.054000
4 0.803125 0.576000 0.068750 0.056000
5 0.258125 0.869000 0.091250 0.046000