0 0.603125 0.214000 0.073750 0.064000
0 0.541875 0.216000 0.048750 0.064000
0 0.675625 0.217000 0.071250 0.066000
1 0.579375 0.327000 0.168750 0.074000
1 0.708750 0.328000 0.087500 0.064000
1 0.800625 0.330000 0.093750 0.068000
2 0.740000 0.417000 0.040000 0.066000
2 0.661875 0.422000 0.108750 0.072000
3 0.559375 0.485000 0.106250 0.062000
3 0.672500 0.488000 0.112500 0.068000
3 0.766250 0.487000 0.067500 0.062000
3 0.849375 0.491000 0.093750 0.066000
4 0.721875 0.551000 0.043750 0.062000
4 0.844375 0.553000 0.078750 0.062000
4 0.590000 0.552000 0.040000 0.052000
5 0.217500 0.928000 0.090000 0.048000