0 0.581875 0.236000 0.053750 0.060000
0 0.645000 0.239000 0.075000 0.062000
0 0.718750 0.239000 0.072500 0.062000
1 0.605000 0.336000 0.167500 0.072000
1 0.749375 0.341000 0.113750 0.074000
1 0.849375 0.340000 0.083750 0.068000
2 0.685000 0.411000 0.102500 0.062000
2 0.762500 0.412000 0.040000 0.056000
3 0.829375 0.485000 0.026250 0.070000
3 0.691875 0.494000 0.098750 0.076000
3 0.776875 0.492000 0.071250 0.060000
4 0.845625 0.549000 0.076250 0.062000
4 0.628750 0.548000 0.047500 0.056000
4 0.736875 0.551000 0.038750 0.054000
5 0.281875 0.917000 0.093750 0.046000