0 0.603750 0.239000 0.072500 0.062000
0 0.675625 0.239000 0.071250 0.062000
0 0.541875 0.241000 0.051250 0.062000
1 0.790625 0.332000 0.108750 0.068000
1 0.553125 0.343000 0.128750 0.082000
1 0.678125 0.341000 0.113750 0.078000
2 0.646875 0.409000 0.101250 0.058000
2 0.717500 0.407000 0.037500 0.054000
3 0.551250 0.486000 0.055000 0.064000
3 0.626875 0.490000 0.093750 0.072000
3 0.725625 0.487000 0.098750 0.066000
3 0.822500 0.484000 0.082500 0.060000
4 0.690000 0.543000 0.037500 0.062000
4 0.807500 0.541000 0.070000 0.058000
4 0.575625 0.544000 0.038750 0.052000
5 0.258750 0.895000 0.092500 0.046000