0 0.557500 0.220000 0.047500 0.060000
0 0.612500 0.221000 0.067500 0.062000
0 0.677500 0.221000 0.065000 0.062000
1 0.578125 0.324000 0.093750 0.064000
1 0.668125 0.327000 0.083750 0.066000
1 0.765000 0.329000 0.107500 0.070000
2 0.659375 0.406000 0.073750 0.064000
2 0.723125 0.409000 0.043750 0.066000
3 0.651250 0.471000 0.102500 0.066000
2 0.783750 0.469000 0.035000 0.054000
3 0.738750 0.473000 0.070000 0.062000
4 0.608125 0.529000 0.043750 0.058000
3 0.823125 0.534000 0.073750 0.060000
4 0.715000 0.534000 0.025000 0.060000
5 0.254375 0.878000 0.086250 0.044000