0 0.615000 0.229000 0.067500 0.062000
0 0.558750 0.230000 0.047500 0.060000
0 0.682500 0.230000 0.067500 0.060000
1 0.816875 0.333000 0.113750 0.066000
1 0.570000 0.339000 0.165000 0.070000
1 0.705000 0.341000 0.112500 0.070000
2 0.663750 0.421000 0.077500 0.066000
2 0.730625 0.421000 0.046250 0.066000
3 0.578125 0.487000 0.058750 0.066000
3 0.638125 0.488000 0.061250 0.064000
3 0.710625 0.489000 0.078750 0.066000
3 0.808750 0.488000 0.110000 0.064000
4 0.833125 0.552000 0.076250 0.060000
4 0.607500 0.549000 0.040000 0.050000
4 0.724375 0.555000 0.023750 0.058000
5 0.249375 0.909000 0.083750 0.046000