0 0.698750 0.271000 0.067500 0.062000
0 0.576250 0.272000 0.047500 0.060000
0 0.631250 0.272000 0.067500 0.060000
1 0.586250 0.373000 0.155000 0.070000
1 0.815625 0.374000 0.136250 0.068000
1 0.705625 0.374000 0.086250 0.064000
2 0.676875 0.452000 0.076250 0.068000
2 0.741250 0.450000 0.045000 0.064000
3 0.866875 0.510000 0.058750 0.068000
3 0.700000 0.514000 0.105000 0.072000
3 0.598750 0.512000 0.100000 0.060000
3 0.782500 0.510000 0.057500 0.056000
3 0.823750 0.517000 0.017500 0.038000
4 0.853750 0.577000 0.075000 0.058000
4 0.617500 0.571000 0.040000 0.054000
4 0.737500 0.580000 0.040000 0.056000
5 0.280000 0.896000 0.082500 0.040000