0 0.615625 0.241000 0.068750 0.062000
0 0.685000 0.241000 0.070000 0.062000
0 0.558750 0.243000 0.050000 0.062000
1 0.795625 0.338000 0.171250 0.080000
1 0.558750 0.349000 0.140000 0.070000
1 0.669375 0.348000 0.081250 0.064000
2 0.667500 0.432000 0.105000 0.072000
2 0.743750 0.426000 0.037500 0.056000
3 0.659375 0.493000 0.091250 0.066000
3 0.742500 0.492000 0.065000 0.060000
3 0.793125 0.493000 0.033750 0.050000
4 0.840000 0.555000 0.077500 0.062000
4 0.723750 0.555000 0.040000 0.058000
4 0.604375 0.559000 0.038750 0.058000
5 0.254375 0.903000 0.086250 0.046000