0 0.578750 0.271000 0.047500 0.062000
0 0.632500 0.273000 0.065000 0.058000
0 0.695625 0.275000 0.066250 0.058000
1 0.598125 0.369000 0.148750 0.070000
1 0.715000 0.372000 0.082500 0.064000
1 0.806875 0.379000 0.101250 0.070000
2 0.674375 0.448000 0.071250 0.068000
2 0.736250 0.448000 0.045000 0.064000
3 0.670000 0.511000 0.087500 0.054000
3 0.795625 0.509000 0.033750 0.050000
3 0.748125 0.512000 0.061250 0.052000
4 0.615000 0.566000 0.035000 0.044000
4 0.728125 0.572000 0.033750 0.044000
4 0.838125 0.576000 0.066250 0.048000
5 0.273750 0.871000 0.085000 0.042000