0 0.576875 0.250000 0.046250 0.056000
0 0.630000 0.251000 0.062500 0.058000
0 0.691250 0.251000 0.062500 0.054000
1 0.673125 0.341000 0.071250 0.070000
1 0.755000 0.338000 0.087500 0.064000
1 0.609375 0.338000 0.053750 0.060000
2 0.677500 0.409000 0.070000 0.070000
2 0.736875 0.408000 0.043750 0.064000
3 0.810625 0.463000 0.098750 0.066000
3 0.654375 0.463000 0.053750 0.062000
3 0.721875 0.465000 0.071250 0.066000
3 0.599375 0.466000 0.053750 0.064000
4 0.840000 0.513000 0.067500 0.054000
4 0.622500 0.518000 0.040000 0.052000
4 0.732500 0.516000 0.040000 0.048000
5 0.293750 0.825000 0.085000 0.042000