0 0.684375 0.251000 0.068750 0.062000
0 0.617500 0.253000 0.067500 0.062000
0 0.560000 0.255000 0.047500 0.062000
1 0.749375 0.365000 0.113750 0.078000
1 0.653125 0.363000 0.078750 0.070000
1 0.585625 0.362000 0.058750 0.064000
2 0.730000 0.443000 0.045000 0.070000
2 0.665625 0.445000 0.076250 0.070000
3 0.657500 0.508000 0.097500 0.064000
3 0.742500 0.504000 0.067500 0.056000
3 0.797500 0.505000 0.025000 0.058000
4 0.721250 0.566000 0.042500 0.060000
4 0.603750 0.569000 0.040000 0.058000
4 0.841250 0.571000 0.072500 0.050000
5 0.262500 0.909000 0.082500 0.042000