0 0.585000 0.266000 0.047500 0.060000
0 0.640625 0.267000 0.066250 0.058000
0 0.706875 0.268000 0.066250 0.060000
1 0.615625 0.362000 0.158750 0.080000
1 0.729375 0.365000 0.068750 0.066000
1 0.815000 0.365000 0.102500 0.066000
2 0.688125 0.439000 0.073750 0.066000
2 0.751875 0.441000 0.043750 0.066000
3 0.680625 0.501000 0.098750 0.066000
3 0.766250 0.497000 0.067500 0.054000
3 0.813125 0.496000 0.033750 0.052000
4 0.850625 0.556000 0.073750 0.060000
4 0.640000 0.564000 0.037500 0.052000
4 0.745625 0.565000 0.026250 0.054000
5 0.285625 0.884000 0.088750 0.044000