0 0.585000 0.309000 0.035000 0.054000
0 0.641250 0.305000 0.062500 0.046000
0 0.710000 0.307000 0.060000 0.050000
1 0.606250 0.385000 0.142500 0.074000
1 0.817500 0.383000 0.095000 0.062000
1 0.722500 0.389000 0.085000 0.058000
2 0.679375 0.452000 0.091250 0.060000
2 0.748750 0.454000 0.032500 0.052000
3 0.556250 0.524000 0.065000 0.060000
3 0.753750 0.523000 0.080000 0.058000
3 0.841250 0.520000 0.087500 0.052000
3 0.912500 0.522000 0.045000 0.056000
3 0.686875 0.526000 0.043750 0.060000
3 0.626250 0.525000 0.067500 0.058000
4 0.624375 0.579000 0.028750 0.042000
4 0.721875 0.576000 0.021250 0.036000
4 0.823750 0.578000 0.070000 0.040000
5 0.332500 0.884000 0.090000 0.040000