0 0.655625 0.255000 0.061250 0.050000
0 0.538125 0.259000 0.043750 0.054000
0 0.590625 0.258000 0.053750 0.048000
1 0.750000 0.346000 0.120000 0.072000
1 0.645000 0.351000 0.082500 0.066000
1 0.546875 0.358000 0.106250 0.072000
2 0.715000 0.429000 0.032500 0.062000
2 0.643750 0.437000 0.097500 0.062000
3 0.765625 0.495000 0.026250 0.054000
3 0.635000 0.500000 0.090000 0.060000
3 0.715625 0.496000 0.066250 0.052000
4 0.810000 0.558000 0.070000 0.052000
4 0.695625 0.562000 0.033750 0.048000
4 0.586250 0.564000 0.032500 0.044000
5 0.247500 0.921000 0.087500 0.046000