0 0.632500 0.270000 0.062500 0.072000
0 0.572500 0.269000 0.042500 0.062000
0 0.703125 0.273000 0.061250 0.070000
1 0.599375 0.356000 0.148750 0.072000
1 0.713750 0.354000 0.075000 0.064000
1 0.809375 0.356000 0.101250 0.068000
2 0.674375 0.422000 0.091250 0.056000
2 0.746875 0.426000 0.048750 0.056000
3 0.671250 0.496000 0.090000 0.060000
3 0.805000 0.497000 0.027500 0.058000
3 0.753750 0.499000 0.062500 0.054000
4 0.609375 0.549000 0.036250 0.058000
4 0.823750 0.553000 0.065000 0.054000
4 0.715625 0.554000 0.026250 0.040000
5 0.288750 0.883000 0.095000 0.058000