0 0.707500 0.275000 0.065000 0.062000
0 0.584375 0.276000 0.046250 0.060000
0 0.641250 0.276000 0.065000 0.060000
1 0.780625 0.380000 0.131250 0.068000
1 0.596875 0.380000 0.066250 0.064000
1 0.671250 0.382000 0.087500 0.064000
2 0.687500 0.463000 0.077500 0.070000
2 0.751875 0.463000 0.043750 0.066000
3 0.681250 0.521000 0.092500 0.066000
3 0.765625 0.521000 0.071250 0.058000
3 0.814375 0.522000 0.036250 0.052000
4 0.635625 0.584000 0.041250 0.060000
4 0.851250 0.584000 0.072500 0.060000
4 0.743750 0.588000 0.022500 0.052000
5 0.286250 0.939000 0.087500 0.042000