0 0.556250 0.235000 0.050000 0.062000
0 0.688125 0.236000 0.071250 0.064000
0 0.618750 0.237000 0.070000 0.062000
1 0.571875 0.338000 0.058750 0.068000
1 0.656250 0.342000 0.107500 0.072000
1 0.764375 0.341000 0.111250 0.070000
2 0.659375 0.411000 0.096250 0.058000
2 0.730625 0.411000 0.038750 0.058000
3 0.658750 0.489000 0.095000 0.070000
3 0.741250 0.490000 0.067500 0.064000
3 0.795000 0.489000 0.025000 0.058000
4 0.593750 0.548000 0.040000 0.056000
4 0.705000 0.552000 0.025000 0.064000
4 0.811250 0.553000 0.067500 0.046000
5 0.276875 0.899000 0.096250 0.046000