0 0.680625 0.243000 0.066250 0.058000
0 0.616250 0.246000 0.065000 0.060000
0 0.560625 0.251000 0.048750 0.058000
1 0.767500 0.340000 0.082500 0.076000
1 0.688125 0.341000 0.076250 0.066000
1 0.601250 0.344000 0.095000 0.068000
2 0.742500 0.407000 0.037500 0.054000
2 0.673750 0.410000 0.095000 0.056000
3 0.747500 0.471000 0.070000 0.058000
3 0.796875 0.468000 0.026250 0.052000
3 0.661250 0.479000 0.095000 0.070000
4 0.834375 0.523000 0.073750 0.058000
4 0.727500 0.530000 0.037500 0.052000
4 0.618125 0.536000 0.041250 0.060000
5 0.276875 0.895000 0.091250 0.054000