0 0.601250 0.262000 0.052500 0.060000
0 0.660625 0.264000 0.068750 0.060000
0 0.730000 0.264000 0.070000 0.060000
1 0.615000 0.355000 0.155000 0.066000
1 0.742500 0.354000 0.102500 0.064000
1 0.846250 0.359000 0.105000 0.070000
2 0.696875 0.422000 0.101250 0.060000
2 0.767500 0.423000 0.037500 0.054000
3 0.850625 0.495000 0.113750 0.066000
3 0.631250 0.495000 0.095000 0.066000
3 0.734375 0.497000 0.103750 0.070000
4 0.636250 0.557000 0.040000 0.050000
4 0.846250 0.556000 0.070000 0.044000
4 0.740625 0.556000 0.026250 0.044000
5 0.314375 0.878000 0.096250 0.044000