0 0.683750 0.265000 0.057500 0.050000
0 0.568125 0.266000 0.041250 0.048000
0 0.620625 0.266000 0.058750 0.048000
1 0.601875 0.358000 0.048750 0.068000
1 0.745000 0.362000 0.072500 0.072000
1 0.666250 0.360000 0.070000 0.060000
2 0.721875 0.434000 0.033750 0.056000
2 0.668750 0.439000 0.057500 0.062000
3 0.543750 0.497000 0.082500 0.078000
3 0.885000 0.502000 0.055000 0.064000
3 0.797500 0.505000 0.110000 0.066000
3 0.696250 0.505000 0.082500 0.062000
3 0.618750 0.510000 0.057500 0.052000
4 0.719375 0.564000 0.021250 0.048000
4 0.615000 0.564000 0.035000 0.044000
4 0.825000 0.565000 0.070000 0.046000
5 0.281250 0.893000 0.082500 0.042000