0 0.709375 0.247000 0.071250 0.062000
0 0.637500 0.250000 0.072500 0.064000
0 0.576875 0.250000 0.051250 0.060000
1 0.612500 0.342000 0.157500 0.072000
1 0.734375 0.346000 0.083750 0.068000
1 0.819375 0.346000 0.086250 0.068000
2 0.668750 0.424000 0.077500 0.068000
2 0.736250 0.424000 0.045000 0.068000
3 0.828750 0.497000 0.077500 0.070000
3 0.546875 0.496000 0.078750 0.064000
3 0.643125 0.500000 0.103750 0.072000
3 0.743125 0.502000 0.086250 0.076000
3 0.907500 0.503000 0.077500 0.074000
4 0.829375 0.565000 0.071250 0.058000
4 0.720000 0.562000 0.025000 0.048000
4 0.612500 0.565000 0.037500 0.050000
5 0.298125 0.897000 0.091250 0.046000