0 0.555000 0.242000 0.047500 0.060000
0 0.610000 0.243000 0.067500 0.062000
0 0.674375 0.242000 0.063750 0.060000
1 0.560625 0.337000 0.146250 0.070000
1 0.700625 0.341000 0.133750 0.078000
1 0.811875 0.337000 0.098750 0.070000
2 0.653125 0.414000 0.076250 0.064000
2 0.717500 0.414000 0.042500 0.064000
3 0.556250 0.471000 0.057500 0.062000
3 0.634375 0.478000 0.091250 0.068000
3 0.746250 0.476000 0.087500 0.064000
3 0.830000 0.479000 0.077500 0.070000
3 0.688125 0.478000 0.011250 0.028000
4 0.605000 0.537000 0.040000 0.050000
4 0.818750 0.538000 0.070000 0.044000
4 0.712500 0.531000 0.035000 0.050000
5 0.260000 0.849000 0.082500 0.042000