0 0.545625 0.253000 0.046250 0.062000
0 0.600625 0.252000 0.063750 0.060000
0 0.663750 0.252000 0.062500 0.060000
1 0.781875 0.348000 0.131250 0.076000
1 0.552500 0.353000 0.147500 0.070000
1 0.670625 0.350000 0.091250 0.064000
2 0.650000 0.429000 0.097500 0.070000
2 0.720625 0.423000 0.036250 0.054000
3 0.630625 0.486000 0.091250 0.064000
3 0.721250 0.487000 0.085000 0.066000
3 0.780625 0.486000 0.026250 0.052000
4 0.598750 0.544000 0.042500 0.060000
4 0.704375 0.546000 0.031250 0.064000
4 0.808125 0.548000 0.066250 0.044000
5 0.258125 0.878000 0.078750 0.044000