0 0.621250 0.237000 0.065000 0.062000
0 0.688125 0.237000 0.068750 0.062000
0 0.566250 0.238000 0.047500 0.060000
1 0.555625 0.344000 0.053750 0.064000
1 0.645000 0.345000 0.125000 0.066000
1 0.771875 0.345000 0.126250 0.066000
2 0.663750 0.428000 0.075000 0.072000
2 0.727500 0.428000 0.042500 0.064000
3 0.658750 0.491000 0.092500 0.070000
3 0.741250 0.487000 0.070000 0.058000
3 0.788125 0.486000 0.033750 0.052000
4 0.821875 0.549000 0.073750 0.062000
4 0.618125 0.551000 0.041250 0.062000
4 0.717500 0.552000 0.035000 0.052000
5 0.271250 0.896000 0.085000 0.044000