0 0.563125 0.237000 0.046250 0.058000
0 0.617500 0.238000 0.065000 0.060000
0 0.681875 0.239000 0.066250 0.058000
1 0.598750 0.338000 0.110000 0.072000
1 0.775000 0.336000 0.082500 0.068000
1 0.694375 0.337000 0.078750 0.066000
2 0.663750 0.410000 0.072500 0.068000
2 0.727500 0.411000 0.045000 0.066000
3 0.638750 0.469000 0.055000 0.062000
3 0.803125 0.471000 0.106250 0.066000
3 0.581875 0.471000 0.053750 0.062000
3 0.707500 0.473000 0.077500 0.066000
4 0.826250 0.527000 0.072500 0.058000
4 0.613750 0.527000 0.035000 0.046000
4 0.718125 0.529000 0.036250 0.050000
5 0.266250 0.846000 0.080000 0.044000