0 0.678750 0.268000 0.067500 0.060000
0 0.553750 0.272000 0.047500 0.060000
0 0.611875 0.272000 0.066250 0.060000
1 0.757500 0.375000 0.147500 0.070000
1 0.628750 0.375000 0.105000 0.066000
1 0.549375 0.376000 0.058750 0.064000
2 0.657500 0.456000 0.075000 0.068000
2 0.722500 0.454000 0.045000 0.064000
3 0.856875 0.512000 0.091250 0.060000
3 0.625625 0.514000 0.051250 0.060000
3 0.774375 0.514000 0.063750 0.060000
3 0.533750 0.517000 0.112500 0.062000
3 0.695625 0.518000 0.088750 0.064000
3 0.914375 0.512000 0.036250 0.052000
4 0.822500 0.574000 0.072500 0.060000
4 0.718750 0.574000 0.040000 0.056000
4 0.606250 0.576000 0.040000 0.056000
5 0.258125 0.921000 0.086250 0.050000