0 0.629375 0.194000 0.081250 0.072000
1 0.560000 0.194000 0.060000 0.072000
1 0.716875 0.198000 0.083750 0.076000
1 0.571875 0.340000 0.128750 0.084000
1 0.707500 0.337000 0.125000 0.070000
1 0.835000 0.341000 0.127500 0.074000
2 0.670625 0.439000 0.091250 0.094000
2 0.747500 0.448000 0.055000 0.084000
3 0.674375 0.533000 0.111250 0.074000
3 0.775625 0.543000 0.078750 0.070000
3 0.835000 0.545000 0.040000 0.062000
4 0.724375 0.617000 0.043750 0.062000
4 0.591875 0.616000 0.041250 0.056000
4 0.864375 0.623000 0.086250 0.070000