0 0.586875 0.276000 0.053750 0.064000
0 0.649375 0.277000 0.073750 0.066000
0 0.719375 0.276000 0.071250 0.064000
1 0.804375 0.369000 0.093750 0.066000
1 0.620625 0.375000 0.113750 0.074000
1 0.718125 0.371000 0.081250 0.066000
2 0.675625 0.448000 0.083750 0.064000
2 0.745625 0.449000 0.048750 0.066000
3 0.670625 0.520000 0.076250 0.068000
3 0.760000 0.518000 0.092500 0.064000
3 0.552500 0.524000 0.057500 0.072000
3 0.606875 0.517000 0.053750 0.058000
3 0.838125 0.518000 0.058750 0.060000
3 0.908750 0.518000 0.077500 0.060000
4 0.837500 0.573000 0.067500 0.058000
4 0.622500 0.581000 0.040000 0.058000
4 0.730000 0.585000 0.032500 0.046000
5 0.303125 0.916000 0.093750 0.044000