0 0.568125 0.240000 0.051250 0.060000
0 0.626875 0.240000 0.068750 0.060000
0 0.693125 0.239000 0.068750 0.058000
1 0.581875 0.343000 0.151250 0.074000
1 0.821875 0.343000 0.113750 0.070000
1 0.711875 0.342000 0.103750 0.064000
2 0.677500 0.429000 0.105000 0.070000
2 0.752500 0.422000 0.037500 0.056000
3 0.670000 0.494000 0.107500 0.072000
3 0.867500 0.493000 0.077500 0.058000
3 0.775625 0.495000 0.093750 0.058000
3 0.572500 0.493000 0.082500 0.062000
4 0.731250 0.563000 0.042500 0.062000
4 0.850000 0.560000 0.077500 0.060000
4 0.613125 0.562000 0.041250 0.056000
5 0.265000 0.915000 0.082500 0.050000