0 0.552500 0.152000 0.052500 0.064000
0 0.616250 0.154000 0.072500 0.064000
0 0.690000 0.156000 0.070000 0.064000
1 0.600625 0.278000 0.088750 0.064000
1 0.697500 0.280000 0.105000 0.064000
1 0.781250 0.281000 0.065000 0.062000
2 0.663750 0.370000 0.087500 0.076000
2 0.735625 0.372000 0.048750 0.068000
3 0.575000 0.444000 0.050000 0.064000
3 0.636250 0.452000 0.055000 0.068000
3 0.711875 0.446000 0.083750 0.060000
3 0.818750 0.454000 0.112500 0.072000
4 0.611250 0.517000 0.037500 0.046000
4 0.725000 0.523000 0.027500 0.050000
4 0.840000 0.526000 0.072500 0.056000
5 0.225625 0.878000 0.093750 0.044000