0 0.621875 0.242000 0.071250 0.064000
0 0.690625 0.241000 0.068750 0.062000
0 0.563125 0.246000 0.048750 0.060000
1 0.815000 0.345000 0.070000 0.066000
1 0.711250 0.351000 0.140000 0.070000
1 0.584375 0.362000 0.113750 0.080000
2 0.736875 0.429000 0.046250 0.066000
2 0.671250 0.433000 0.075000 0.070000
3 0.866250 0.489000 0.065000 0.070000
3 0.779375 0.491000 0.058750 0.062000
3 0.693125 0.498000 0.103750 0.072000
3 0.586250 0.498000 0.102500 0.060000
4 0.851250 0.553000 0.077500 0.058000
4 0.730000 0.558000 0.040000 0.056000
4 0.610000 0.562000 0.040000 0.056000
5 0.260625 0.923000 0.088750 0.050000
3 0.824375 0.502000 0.021250 0.036000