0 0.568125 0.264000 0.046250 0.060000
0 0.622500 0.267000 0.067500 0.062000
0 0.685625 0.266000 0.066250 0.060000
1 0.575000 0.361000 0.147500 0.070000
1 0.712500 0.362000 0.130000 0.068000
1 0.820625 0.363000 0.088750 0.062000
2 0.665000 0.439000 0.070000 0.070000
2 0.725000 0.439000 0.042500 0.066000
3 0.656875 0.496000 0.088750 0.064000
3 0.736250 0.496000 0.062500 0.056000
3 0.788750 0.496000 0.027500 0.048000
4 0.610000 0.550000 0.040000 0.060000
4 0.825000 0.552000 0.070000 0.060000
4 0.716250 0.553000 0.040000 0.054000
5 0.288750 0.861000 0.077500 0.042000