0 0.575625 0.268000 0.046250 0.060000
0 0.630625 0.267000 0.063750 0.058000
0 0.694375 0.267000 0.063750 0.058000
1 0.759375 0.367000 0.081250 0.066000
1 0.613750 0.370000 0.055000 0.064000
1 0.680625 0.369000 0.076250 0.062000
2 0.676250 0.447000 0.070000 0.070000
2 0.738125 0.445000 0.043750 0.066000
3 0.773750 0.501000 0.062500 0.054000
3 0.848125 0.510000 0.083750 0.072000
3 0.690625 0.511000 0.101250 0.070000
3 0.591250 0.509000 0.090000 0.058000
4 0.835625 0.568000 0.071250 0.048000
4 0.626875 0.568000 0.041250 0.060000
4 0.732500 0.566000 0.035000 0.048000
5 0.293750 0.911000 0.082500 0.042000