0 0.626875 0.223000 0.071250 0.066000
0 0.696875 0.223000 0.071250 0.066000
0 0.566250 0.225000 0.050000 0.062000
1 0.798750 0.330000 0.170000 0.072000
1 0.563750 0.333000 0.110000 0.070000
1 0.665625 0.340000 0.091250 0.064000
2 0.676875 0.424000 0.081250 0.072000
2 0.745625 0.423000 0.046250 0.070000
3 0.881875 0.491000 0.063750 0.074000
3 0.700000 0.496000 0.112500 0.072000
3 0.790625 0.489000 0.061250 0.058000
3 0.590625 0.494000 0.101250 0.064000
3 0.834375 0.499000 0.018750 0.038000
4 0.863750 0.557000 0.080000 0.062000
4 0.613750 0.559000 0.042500 0.058000
4 0.736875 0.560000 0.043750 0.060000
5 0.257500 0.929000 0.082500 0.046000