0 0.674375 0.265000 0.063750 0.062000
0 0.555000 0.266000 0.047500 0.060000
0 0.610625 0.266000 0.066250 0.060000
1 0.670000 0.366000 0.077500 0.064000
1 0.754375 0.361000 0.091250 0.074000
1 0.587500 0.370000 0.085000 0.064000
2 0.748750 0.446000 0.037500 0.056000
2 0.663750 0.450000 0.122500 0.072000
3 0.841875 0.509000 0.058750 0.066000
3 0.760625 0.508000 0.058750 0.060000
3 0.578750 0.514000 0.087500 0.060000
3 0.678125 0.513000 0.098750 0.062000
3 0.800625 0.511000 0.013750 0.042000
4 0.820625 0.577000 0.071250 0.058000
4 0.609375 0.580000 0.041250 0.056000
4 0.712500 0.580000 0.035000 0.052000
5 0.275000 0.907000 0.085000 0.042000