0 0.567500 0.258000 0.050000 0.060000
0 0.628750 0.259000 0.070000 0.062000
0 0.697500 0.260000 0.070000 0.060000
1 0.589375 0.348000 0.158750 0.072000
1 0.710000 0.352000 0.085000 0.068000
1 0.808125 0.350000 0.113750 0.064000
2 0.668125 0.423000 0.061250 0.066000
2 0.725625 0.422000 0.043750 0.056000
3 0.780625 0.492000 0.106250 0.060000
3 0.611250 0.497000 0.092500 0.066000
3 0.691875 0.501000 0.063750 0.070000
3 0.857500 0.496000 0.042500 0.056000
4 0.822500 0.553000 0.072500 0.054000
4 0.610000 0.554000 0.040000 0.052000
4 0.716250 0.560000 0.030000 0.056000
5 0.280000 0.909000 0.097500 0.046000