0 0.556875 0.272000 0.046250 0.060000
0 0.613125 0.271000 0.063750 0.058000
0 0.676875 0.272000 0.066250 0.060000
1 0.745625 0.370000 0.101250 0.068000
1 0.585625 0.371000 0.063750 0.066000
1 0.657500 0.371000 0.077500 0.066000
2 0.659375 0.446000 0.068750 0.068000
2 0.720625 0.444000 0.043750 0.064000
3 0.569375 0.504000 0.093750 0.064000
3 0.671875 0.509000 0.101250 0.070000
3 0.758750 0.503000 0.062500 0.054000
3 0.835625 0.504000 0.083750 0.056000
4 0.822500 0.562000 0.075000 0.056000
4 0.610625 0.570000 0.041250 0.056000
4 0.715000 0.573000 0.027500 0.062000
5 0.251250 0.893000 0.087500 0.042000