0 0.571875 0.250000 0.048750 0.060000
0 0.628750 0.251000 0.067500 0.062000
0 0.694375 0.252000 0.066250 0.060000
1 0.620625 0.360000 0.113750 0.072000
1 0.717500 0.356000 0.080000 0.064000
1 0.788125 0.358000 0.061250 0.064000
2 0.678125 0.437000 0.103750 0.070000
2 0.752500 0.431000 0.037500 0.054000
3 0.610625 0.494000 0.088750 0.060000
3 0.765000 0.498000 0.075000 0.060000
3 0.835625 0.498000 0.063750 0.060000
3 0.692500 0.502000 0.062500 0.064000
4 0.840000 0.560000 0.075000 0.060000
4 0.731875 0.567000 0.026250 0.046000
4 0.623125 0.571000 0.041250 0.050000
5 0.260625 0.907000 0.088750 0.046000