0 0.558125 0.272000 0.046250 0.060000
0 0.613750 0.273000 0.065000 0.058000
0 0.679375 0.275000 0.066250 0.058000
1 0.583750 0.379000 0.110000 0.078000
1 0.678750 0.375000 0.080000 0.066000
1 0.770625 0.374000 0.103750 0.064000
2 0.663750 0.446000 0.062500 0.064000
2 0.714375 0.443000 0.036250 0.054000
3 0.600625 0.509000 0.071250 0.066000
3 0.674375 0.512000 0.068750 0.068000
3 0.759375 0.509000 0.093750 0.062000
3 0.821250 0.514000 0.035000 0.056000
4 0.710625 0.565000 0.038750 0.058000
4 0.826250 0.567000 0.072500 0.058000
4 0.596250 0.566000 0.035000 0.052000
5 0.261875 0.878000 0.081250 0.044000