0 0.674375 0.287000 0.066250 0.062000
0 0.606250 0.292000 0.067500 0.060000
0 0.548125 0.293000 0.048750 0.058000
1 0.806875 0.382000 0.111250 0.064000
1 0.694375 0.387000 0.111250 0.066000
1 0.561250 0.394000 0.155000 0.072000
2 0.720625 0.467000 0.046250 0.066000
2 0.656250 0.469000 0.070000 0.066000
3 0.649375 0.524000 0.091250 0.060000
3 0.733750 0.523000 0.067500 0.054000
3 0.788125 0.524000 0.031250 0.052000
4 0.826250 0.584000 0.075000 0.060000
4 0.603750 0.587000 0.042500 0.058000
4 0.714375 0.588000 0.031250 0.056000
5 0.251250 0.921000 0.085000 0.042000