0 0.611250 0.255000 0.055000 0.058000
0 0.671875 0.257000 0.068750 0.062000
0 0.738750 0.259000 0.067500 0.058000
1 0.623125 0.349000 0.148750 0.066000
1 0.765625 0.351000 0.131250 0.066000
1 0.869375 0.355000 0.078750 0.066000
2 0.707500 0.419000 0.105000 0.058000
2 0.777500 0.422000 0.037500 0.056000
3 0.693750 0.494000 0.087500 0.072000
3 0.620000 0.491000 0.055000 0.062000
3 0.787500 0.499000 0.097500 0.070000
3 0.875000 0.501000 0.077500 0.066000
4 0.639375 0.547000 0.038750 0.050000
4 0.749375 0.560000 0.041250 0.052000
4 0.861250 0.561000 0.067500 0.054000
5 0.329375 0.884000 0.096250 0.052000