0 0.548750 0.216000 0.045000 0.060000
0 0.603750 0.217000 0.065000 0.062000
0 0.666875 0.216000 0.063750 0.060000
1 0.574375 0.321000 0.151250 0.066000
1 0.688125 0.320000 0.078750 0.064000
1 0.779375 0.320000 0.103750 0.064000
2 0.655000 0.395000 0.092500 0.058000
2 0.724375 0.394000 0.036250 0.052000
3 0.645625 0.462000 0.091250 0.068000
3 0.728750 0.462000 0.070000 0.060000
2 0.780000 0.459000 0.032500 0.050000
4 0.820000 0.521000 0.072500 0.062000
4 0.597500 0.525000 0.042500 0.058000
4 0.708125 0.524000 0.038750 0.056000
5 0.256250 0.888000 0.090000 0.044000