0 0.720625 0.202000 0.076250 0.068000
0 0.642500 0.203000 0.077500 0.066000
0 0.575625 0.205000 0.056250 0.066000
1 0.576250 0.315000 0.165000 0.078000
1 0.857500 0.317000 0.147500 0.070000
1 0.721875 0.318000 0.121250 0.068000
2 0.685625 0.405000 0.068750 0.070000
2 0.746250 0.403000 0.042500 0.066000
3 0.807500 0.488000 0.110000 0.068000
3 0.623750 0.489000 0.097500 0.070000
3 0.887500 0.490000 0.047500 0.072000
3 0.713125 0.494000 0.068750 0.064000
4 0.736875 0.556000 0.041250 0.052000
4 0.608125 0.559000 0.041250 0.054000
4 0.860000 0.559000 0.077500 0.054000
5 0.267500 0.941000 0.087500 0.050000