0 0.600000 0.292000 0.065000 0.064000
0 0.667500 0.290000 0.067500 0.060000
1 0.544375 0.292000 0.048750 0.064000
1 0.768125 0.400000 0.058750 0.068000
1 0.664375 0.403000 0.136250 0.070000
1 0.566250 0.403000 0.055000 0.058000
2 0.645000 0.484000 0.075000 0.068000
2 0.708750 0.485000 0.045000 0.066000
3 0.614375 0.545000 0.086250 0.062000
3 0.701250 0.553000 0.072500 0.074000
3 0.775000 0.547000 0.062500 0.062000
4 0.585625 0.609000 0.038750 0.058000
4 0.704375 0.610000 0.041250 0.056000
4 0.813750 0.610000 0.072500 0.056000
5 0.268125 0.937000 0.083750 0.042000