0 0.628125 0.251000 0.071250 0.062000
0 0.698125 0.252000 0.068750 0.064000
0 0.566875 0.252000 0.051250 0.060000
1 0.720625 0.365000 0.073750 0.066000
1 0.790000 0.365000 0.065000 0.066000
1 0.626250 0.368000 0.112500 0.064000
2 0.675625 0.454000 0.081250 0.068000
2 0.745625 0.456000 0.046250 0.068000
3 0.589375 0.533000 0.061250 0.082000
3 0.649375 0.528000 0.061250 0.072000
3 0.724375 0.524000 0.083750 0.064000
3 0.830000 0.526000 0.115000 0.068000
4 0.855000 0.592000 0.077500 0.060000
4 0.618125 0.593000 0.038750 0.054000
4 0.739375 0.598000 0.028750 0.052000
5 0.248125 0.965000 0.088750 0.046000