0 0.713750 0.242000 0.070000 0.060000
0 0.581875 0.245000 0.051250 0.062000
0 0.644375 0.245000 0.071250 0.062000
1 0.620000 0.330000 0.155000 0.072000
1 0.828750 0.337000 0.087500 0.070000
1 0.737500 0.339000 0.082500 0.070000
2 0.683125 0.411000 0.101250 0.062000
2 0.754375 0.411000 0.038750 0.054000
3 0.769375 0.488000 0.068750 0.060000
3 0.818750 0.484000 0.035000 0.052000
3 0.680000 0.493000 0.100000 0.058000
4 0.835625 0.544000 0.073750 0.056000
4 0.726875 0.546000 0.036250 0.052000
4 0.622500 0.556000 0.037500 0.052000
5 0.295625 0.902000 0.096250 0.048000