0 0.678750 0.265000 0.065000 0.062000
1 0.561250 0.265000 0.047500 0.062000
1 0.615625 0.268000 0.066250 0.064000
1 0.598125 0.364000 0.146250 0.076000
1 0.716250 0.370000 0.080000 0.068000
1 0.791250 0.376000 0.075000 0.076000
2 0.663750 0.458000 0.100000 0.060000
2 0.738125 0.452000 0.036250 0.056000
3 0.653125 0.516000 0.091250 0.060000
3 0.735625 0.513000 0.066250 0.058000
3 0.785625 0.516000 0.028750 0.052000
4 0.711875 0.578000 0.038750 0.056000
4 0.603125 0.580000 0.041250 0.048000
4 0.827500 0.586000 0.067500 0.052000
5 0.267500 0.916000 0.085000 0.040000