0 0.584375 0.208000 0.051250 0.060000
0 0.642500 0.210000 0.070000 0.064000
0 0.709375 0.212000 0.068750 0.064000
1 0.594375 0.317000 0.106250 0.066000
1 0.703750 0.320000 0.110000 0.064000
1 0.812500 0.327000 0.112500 0.070000
2 0.689375 0.406000 0.078750 0.072000
2 0.755000 0.409000 0.045000 0.066000
3 0.605625 0.469000 0.098750 0.062000
3 0.882500 0.476000 0.060000 0.072000
3 0.711875 0.477000 0.106250 0.070000
3 0.795625 0.473000 0.053750 0.062000
3 0.836875 0.474000 0.018750 0.056000
4 0.628750 0.533000 0.042500 0.058000
4 0.745000 0.538000 0.040000 0.060000
4 0.863125 0.539000 0.073750 0.062000
5 0.266250 0.893000 0.092500 0.046000