0 0.687500 0.215000 0.065000 0.062000
0 0.563125 0.216000 0.048750 0.060000
0 0.620625 0.217000 0.068750 0.062000
1 0.806250 0.319000 0.132500 0.066000
1 0.577500 0.323000 0.157500 0.066000
1 0.696875 0.321000 0.081250 0.062000
2 0.670625 0.402000 0.063750 0.068000
2 0.726875 0.402000 0.036250 0.056000
3 0.734375 0.467000 0.093750 0.066000
3 0.838125 0.468000 0.106250 0.068000
3 0.567500 0.471000 0.075000 0.070000
3 0.645625 0.469000 0.073750 0.066000
4 0.835625 0.532000 0.073750 0.060000
4 0.617500 0.532000 0.040000 0.052000
4 0.727500 0.528000 0.037500 0.052000
5 0.275625 0.870000 0.086250 0.044000