0 0.656250 0.281000 0.070000 0.062000
1 0.529375 0.280000 0.048750 0.060000
1 0.588750 0.282000 0.070000 0.064000
1 0.567500 0.384000 0.065000 0.068000
1 0.640625 0.384000 0.083750 0.068000
1 0.726875 0.386000 0.086250 0.068000
2 0.635625 0.465000 0.073750 0.070000
2 0.699375 0.466000 0.046250 0.068000
3 0.647500 0.529000 0.102500 0.066000
3 0.543750 0.528000 0.090000 0.060000
3 0.736875 0.527000 0.063750 0.054000
3 0.819375 0.532000 0.091250 0.060000
4 0.571250 0.591000 0.040000 0.054000
4 0.696250 0.593000 0.045000 0.058000
4 0.813750 0.594000 0.075000 0.060000
5 0.225000 0.927000 0.090000 0.038000