0 0.576250 0.249000 0.047500 0.058000
0 0.631250 0.249000 0.065000 0.058000
0 0.696250 0.249000 0.065000 0.058000
1 0.685625 0.340000 0.131250 0.072000
1 0.801250 0.341000 0.095000 0.066000
1 0.581875 0.341000 0.078750 0.062000
2 0.679375 0.414000 0.073750 0.068000
2 0.742500 0.413000 0.045000 0.066000
2 0.807500 0.472000 0.030000 0.060000
3 0.673750 0.473000 0.095000 0.066000
3 0.756250 0.471000 0.067500 0.058000
4 0.843125 0.532000 0.076250 0.052000
4 0.631875 0.527000 0.041250 0.054000
4 0.738125 0.526000 0.036250 0.052000
5 0.287500 0.847000 0.090000 0.042000