0 0.580625 0.264000 0.046250 0.060000
0 0.634375 0.266000 0.063750 0.060000
0 0.696250 0.267000 0.062500 0.058000
1 0.601875 0.369000 0.053750 0.066000
1 0.676875 0.370000 0.096250 0.064000
1 0.770625 0.371000 0.088750 0.066000
2 0.684375 0.445000 0.096250 0.058000
2 0.753125 0.444000 0.036250 0.056000
3 0.675625 0.513000 0.093750 0.070000
3 0.758125 0.510000 0.066250 0.056000
3 0.800625 0.510000 0.033750 0.052000
4 0.838125 0.573000 0.073750 0.062000
4 0.632500 0.573000 0.032500 0.050000
4 0.736250 0.576000 0.027500 0.056000
5 0.285000 0.924000 0.090000 0.044000