0 0.570000 0.268000 0.045000 0.060000
0 0.625625 0.270000 0.068750 0.060000
0 0.690000 0.270000 0.065000 0.060000
1 0.577500 0.372000 0.107500 0.068000
1 0.658125 0.374000 0.051250 0.068000
1 0.807500 0.372000 0.080000 0.064000
1 0.725000 0.378000 0.087500 0.072000
2 0.667500 0.453000 0.072500 0.066000
2 0.730625 0.453000 0.043750 0.066000
3 0.661250 0.514000 0.090000 0.064000
3 0.741875 0.513000 0.063750 0.058000
3 0.789375 0.514000 0.033750 0.048000
4 0.825000 0.572000 0.072500 0.060000
4 0.617500 0.574000 0.037500 0.056000
4 0.719375 0.578000 0.033750 0.048000
5 0.285625 0.912000 0.086250 0.044000