0 0.616250 0.256000 0.067500 0.060000
0 0.681875 0.256000 0.066250 0.060000
0 0.560000 0.257000 0.047500 0.058000
1 0.610625 0.357000 0.083750 0.066000
1 0.723750 0.356000 0.140000 0.064000
1 0.820625 0.356000 0.061250 0.064000
1 0.540000 0.358000 0.057500 0.064000
2 0.730000 0.435000 0.045000 0.066000
2 0.665625 0.437000 0.076250 0.066000
3 0.578750 0.503000 0.050000 0.066000
3 0.652500 0.502000 0.087500 0.068000
3 0.830625 0.497000 0.081250 0.062000
3 0.743750 0.499000 0.087500 0.062000
4 0.843750 0.563000 0.070000 0.046000
4 0.726250 0.562000 0.037500 0.044000
4 0.606875 0.561000 0.033750 0.042000
5 0.260625 0.895000 0.083750 0.042000