0 0.565625 0.241000 0.051250 0.062000
0 0.626250 0.241000 0.070000 0.062000
0 0.695000 0.241000 0.070000 0.062000
1 0.578750 0.342000 0.060000 0.064000
1 0.769375 0.346000 0.111250 0.068000
1 0.662500 0.350000 0.107500 0.072000
2 0.668125 0.416000 0.096250 0.056000
2 0.736875 0.416000 0.038750 0.056000
3 0.665000 0.493000 0.095000 0.070000
3 0.749375 0.493000 0.071250 0.062000
3 0.798750 0.491000 0.035000 0.054000
4 0.601875 0.550000 0.041250 0.060000
4 0.815625 0.550000 0.068750 0.060000
4 0.714375 0.552000 0.028750 0.056000
5 0.285625 0.900000 0.096250 0.048000