0 0.606875 0.261000 0.053750 0.062000
0 0.667500 0.263000 0.070000 0.062000
0 0.735000 0.263000 0.070000 0.062000
1 0.614375 0.363000 0.113750 0.082000
1 0.713125 0.357000 0.088750 0.066000
1 0.824375 0.359000 0.131250 0.070000
2 0.705625 0.437000 0.098750 0.066000
2 0.779375 0.433000 0.036250 0.054000
3 0.706875 0.504000 0.091250 0.068000
3 0.786875 0.502000 0.063750 0.056000
3 0.836875 0.507000 0.033750 0.050000
4 0.854375 0.562000 0.068750 0.048000
4 0.643125 0.565000 0.038750 0.054000
4 0.750000 0.565000 0.027500 0.050000
5 0.326250 0.900000 0.100000 0.048000