0 0.440625 0.207000 0.093750 0.066000
0 0.540625 0.207000 0.093750 0.066000
1 0.357500 0.210000 0.065000 0.064000
1 0.393750 0.310000 0.130000 0.068000
1 0.526250 0.309000 0.122500 0.066000
1 0.673750 0.311000 0.155000 0.070000
2 0.516250 0.388000 0.102500 0.068000
2 0.608125 0.395000 0.063750 0.074000
2 0.706250 0.450000 0.040000 0.060000
3 0.499375 0.459000 0.148750 0.050000
3 0.631250 0.463000 0.097500 0.054000
3 0.766875 0.519000 0.106250 0.070000
4 0.432500 0.518000 0.055000 0.060000
4 0.599375 0.519000 0.041250 0.054000