0 0.606250 0.245000 0.057500 0.062000
0 0.739375 0.246000 0.071250 0.064000
0 0.669375 0.247000 0.071250 0.062000
1 0.805000 0.341000 0.112500 0.066000
1 0.699375 0.343000 0.096250 0.062000
1 0.622500 0.347000 0.060000 0.066000
2 0.708750 0.422000 0.102500 0.068000
2 0.782500 0.416000 0.037500 0.056000
3 0.690625 0.496000 0.091250 0.072000
3 0.616875 0.492000 0.053750 0.060000
3 0.788750 0.492000 0.097500 0.060000
3 0.883125 0.495000 0.083750 0.062000
4 0.637500 0.550000 0.040000 0.056000
4 0.753125 0.550000 0.041250 0.056000
4 0.868125 0.549000 0.071250 0.054000
5 0.324375 0.904000 0.098750 0.048000