0 0.590625 0.254000 0.053750 0.060000
0 0.650625 0.255000 0.068750 0.062000
0 0.716875 0.254000 0.068750 0.060000
1 0.564375 0.354000 0.141250 0.076000
1 0.871250 0.349000 0.105000 0.066000
1 0.767500 0.353000 0.107500 0.066000
1 0.673125 0.356000 0.081250 0.068000
2 0.695000 0.429000 0.095000 0.058000
2 0.764375 0.427000 0.038750 0.054000
3 0.700000 0.512000 0.092500 0.072000
3 0.781875 0.508000 0.066250 0.060000
3 0.830000 0.505000 0.022500 0.050000
4 0.848750 0.563000 0.070000 0.058000
4 0.640625 0.570000 0.041250 0.060000
4 0.746875 0.573000 0.028750 0.058000
5 0.318750 0.981000 0.095000 0.034000