0 0.630000 0.246000 0.070000 0.060000
0 0.571875 0.248000 0.051250 0.060000
0 0.698125 0.248000 0.066250 0.060000
1 0.610625 0.350000 0.158750 0.068000
1 0.732500 0.353000 0.085000 0.066000
1 0.817500 0.352000 0.085000 0.064000
2 0.680000 0.434000 0.075000 0.068000
2 0.746250 0.434000 0.045000 0.068000
3 0.673125 0.494000 0.101250 0.064000
3 0.760625 0.493000 0.066250 0.054000
3 0.810000 0.492000 0.035000 0.052000
4 0.847500 0.556000 0.075000 0.064000
4 0.630000 0.557000 0.047500 0.058000
4 0.740625 0.558000 0.038750 0.056000
5 0.263125 0.904000 0.086250 0.044000