0 0.681875 0.236000 0.068750 0.064000
0 0.555000 0.236000 0.050000 0.060000
0 0.614375 0.237000 0.066250 0.062000
1 0.645625 0.343000 0.113750 0.066000
1 0.735625 0.342000 0.063750 0.060000
2 0.660625 0.428000 0.076250 0.072000
2 0.726875 0.426000 0.046250 0.068000
3 0.567500 0.486000 0.100000 0.064000
3 0.674375 0.492000 0.111250 0.072000
3 0.764375 0.487000 0.063750 0.058000
3 0.845000 0.490000 0.087500 0.060000
4 0.721250 0.552000 0.042500 0.060000
4 0.838750 0.552000 0.077500 0.060000
4 0.597500 0.553000 0.042500 0.058000
5 0.244375 0.898000 0.086250 0.044000