0 0.626250 0.253000 0.067500 0.062000
0 0.692500 0.253000 0.067500 0.062000
0 0.570000 0.254000 0.045000 0.060000
1 0.785625 0.360000 0.111250 0.068000
1 0.594375 0.369000 0.113750 0.078000
1 0.690000 0.362000 0.080000 0.064000
2 0.672500 0.443000 0.075000 0.066000
2 0.737500 0.443000 0.045000 0.066000
3 0.573750 0.507000 0.082500 0.062000
3 0.670625 0.513000 0.106250 0.074000
3 0.773750 0.512000 0.097500 0.072000
3 0.861250 0.508000 0.075000 0.064000
4 0.839375 0.580000 0.073750 0.060000
4 0.619375 0.575000 0.041250 0.058000
4 0.730000 0.582000 0.030000 0.056000
5 0.269375 0.921000 0.086250 0.042000