0 0.576250 0.265000 0.045000 0.058000
0 0.628750 0.267000 0.062500 0.058000
0 0.690625 0.267000 0.061250 0.058000
1 0.598125 0.355000 0.128750 0.074000
1 0.800625 0.359000 0.078750 0.066000
1 0.712500 0.359000 0.097500 0.062000
2 0.673750 0.431000 0.075000 0.062000
2 0.733125 0.431000 0.041250 0.062000
3 0.775000 0.492000 0.052500 0.056000
3 0.594375 0.492000 0.086250 0.064000
3 0.848750 0.490000 0.052500 0.056000
3 0.693750 0.493000 0.092500 0.058000
3 0.810625 0.492000 0.013750 0.032000
4 0.835625 0.543000 0.068750 0.058000
4 0.731875 0.549000 0.031250 0.046000
4 0.622500 0.554000 0.035000 0.044000
5 0.294375 0.872000 0.086250 0.044000