1 0.721250 0.281000 0.070000 0.062000
1 0.654375 0.285000 0.068750 0.062000
1 0.597500 0.288000 0.052500 0.064000
1 0.788750 0.391000 0.090000 0.082000
1 0.702500 0.387000 0.080000 0.062000
2 0.631875 0.389000 0.058750 0.066000
2 0.780625 0.461000 0.036250 0.054000
2 0.710000 0.466000 0.097500 0.056000
3 0.830625 0.527000 0.036250 0.054000
3 0.698125 0.534000 0.093750 0.064000
3 0.781250 0.529000 0.065000 0.054000
4 0.878750 0.589000 0.072500 0.062000
4 0.761250 0.596000 0.037500 0.052000
4 0.645625 0.599000 0.038750 0.054000
5 0.315625 0.967000 0.083750 0.046000