0 0.541875 0.250000 0.051250 0.064000
0 0.603750 0.249000 0.072500 0.062000
0 0.676875 0.249000 0.071250 0.062000
1 0.652500 0.341000 0.082500 0.066000
1 0.730625 0.345000 0.073750 0.074000
1 0.583125 0.342000 0.056250 0.064000
2 0.640000 0.416000 0.075000 0.072000
2 0.705625 0.416000 0.046250 0.068000
3 0.550000 0.486000 0.102500 0.064000
3 0.657500 0.490000 0.110000 0.072000
3 0.750000 0.489000 0.067500 0.066000
3 0.832500 0.494000 0.090000 0.072000
4 0.691250 0.558000 0.042500 0.056000
4 0.569375 0.551000 0.038750 0.054000
4 0.813125 0.556000 0.071250 0.056000
5 0.239375 0.888000 0.093750 0.044000