0 0.690625 0.272000 0.068750 0.060000
0 0.622500 0.274000 0.067500 0.060000
0 0.565625 0.277000 0.046250 0.062000
1 0.798125 0.372000 0.106250 0.064000
1 0.690000 0.378000 0.107500 0.064000
1 0.580000 0.386000 0.110000 0.076000
2 0.670625 0.458000 0.076250 0.068000
2 0.736250 0.457000 0.045000 0.066000
3 0.666875 0.517000 0.091250 0.066000
3 0.751250 0.514000 0.072500 0.056000
3 0.801875 0.514000 0.033750 0.048000
4 0.848750 0.574000 0.077500 0.060000
4 0.728750 0.579000 0.040000 0.058000
4 0.614375 0.586000 0.043750 0.064000
5 0.265625 0.931000 0.083750 0.042000