0 0.570000 0.259000 0.047500 0.062000
0 0.626875 0.259000 0.068750 0.062000
0 0.695000 0.259000 0.067500 0.062000
1 0.791250 0.363000 0.070000 0.066000
1 0.614375 0.369000 0.113750 0.074000
1 0.714375 0.364000 0.083750 0.064000
2 0.675625 0.446000 0.076250 0.068000
2 0.740000 0.444000 0.045000 0.064000
3 0.878125 0.506000 0.088750 0.060000
3 0.553125 0.510000 0.118750 0.064000
3 0.643125 0.512000 0.051250 0.064000
3 0.715000 0.513000 0.087500 0.066000
3 0.795625 0.511000 0.063750 0.062000
3 0.939375 0.506000 0.036250 0.052000
4 0.845000 0.570000 0.075000 0.064000
4 0.621250 0.570000 0.042500 0.060000
4 0.735625 0.574000 0.033750 0.060000
5 0.265625 0.929000 0.086250 0.046000