0 0.651250 0.263000 0.072500 0.062000
0 0.578750 0.269000 0.070000 0.062000
0 0.519375 0.272000 0.051250 0.060000
1 0.788750 0.361000 0.075000 0.066000
1 0.705000 0.367000 0.092500 0.066000
1 0.575625 0.375000 0.158750 0.070000
2 0.710625 0.450000 0.046250 0.068000
2 0.640625 0.450000 0.081250 0.064000
3 0.841250 0.509000 0.085000 0.062000
3 0.540625 0.514000 0.063750 0.064000
3 0.623125 0.514000 0.091250 0.064000
3 0.747500 0.513000 0.097500 0.058000
3 0.682500 0.520000 0.017500 0.036000
4 0.838750 0.569000 0.080000 0.062000
4 0.710625 0.571000 0.038750 0.054000
4 0.586250 0.581000 0.037500 0.058000
5 0.298750 0.862000 0.077500 0.040000