0 0.566250 0.264000 0.047500 0.060000
1 0.623750 0.268000 0.067500 0.064000
1 0.690625 0.270000 0.068750 0.064000
1 0.573125 0.374000 0.156250 0.072000
1 0.706875 0.375000 0.113750 0.070000
1 0.821875 0.376000 0.113750 0.072000
2 0.666875 0.452000 0.076250 0.064000
2 0.732500 0.455000 0.045000 0.066000
3 0.660625 0.516000 0.088750 0.064000
3 0.745625 0.516000 0.068750 0.056000
3 0.795000 0.519000 0.035000 0.050000
4 0.613125 0.576000 0.041250 0.056000
4 0.832500 0.578000 0.075000 0.060000
4 0.727500 0.580000 0.037500 0.052000
5 0.259375 0.920000 0.083750 0.044000