0 0.616250 0.237000 0.070000 0.062000
0 0.683750 0.237000 0.065000 0.062000
0 0.558750 0.238000 0.047500 0.060000
1 0.776250 0.343000 0.107500 0.066000
1 0.680625 0.344000 0.083750 0.064000
1 0.585000 0.347000 0.110000 0.066000
2 0.664375 0.428000 0.073750 0.072000
2 0.728125 0.430000 0.043750 0.064000
3 0.637500 0.497000 0.052500 0.058000
3 0.708125 0.493000 0.076250 0.054000
3 0.806250 0.497000 0.107500 0.070000
3 0.579375 0.497000 0.046250 0.066000
4 0.830625 0.563000 0.073750 0.058000
4 0.612500 0.560000 0.037500 0.044000
4 0.718750 0.561000 0.025000 0.050000
5 0.257500 0.903000 0.087500 0.046000