0 0.585625 0.238000 0.051250 0.060000
0 0.645000 0.239000 0.070000 0.062000
0 0.714375 0.239000 0.071250 0.062000
1 0.616250 0.335000 0.060000 0.070000
1 0.687500 0.338000 0.080000 0.072000
1 0.772500 0.335000 0.090000 0.066000
2 0.681875 0.408000 0.096250 0.060000
2 0.754375 0.411000 0.038750 0.058000
3 0.618750 0.480000 0.097500 0.064000
3 0.718750 0.487000 0.105000 0.070000
3 0.834375 0.485000 0.118750 0.066000
4 0.618125 0.546000 0.041250 0.056000
4 0.728125 0.548000 0.041250 0.056000
4 0.843125 0.554000 0.071250 0.056000
5 0.309375 0.885000 0.093750 0.042000