0 0.596250 0.237000 0.065000 0.062000
0 0.541250 0.238000 0.045000 0.060000
0 0.660625 0.238000 0.063750 0.060000
1 0.581250 0.346000 0.145000 0.068000
1 0.695000 0.346000 0.080000 0.064000
1 0.775625 0.346000 0.081250 0.064000
2 0.642500 0.431000 0.077500 0.070000
2 0.705625 0.431000 0.043750 0.066000
3 0.719375 0.494000 0.063750 0.064000
3 0.771875 0.495000 0.033750 0.054000
3 0.637500 0.503000 0.090000 0.062000
4 0.806250 0.556000 0.070000 0.060000
4 0.699375 0.565000 0.023750 0.046000
4 0.592500 0.567000 0.030000 0.050000
5 0.239375 0.919000 0.083750 0.042000