0 0.550625 0.246000 0.043750 0.064000
0 0.609375 0.246000 0.056250 0.064000
0 0.679375 0.250000 0.058750 0.064000
1 0.584375 0.345000 0.153750 0.074000
1 0.708750 0.350000 0.082500 0.076000
1 0.798750 0.349000 0.085000 0.074000
2 0.659375 0.433000 0.101250 0.070000
2 0.734375 0.430000 0.043750 0.052000
3 0.662500 0.496000 0.075000 0.068000
3 0.585000 0.499000 0.072500 0.066000
3 0.756250 0.496000 0.102500 0.060000
3 0.831875 0.501000 0.041250 0.066000
4 0.595000 0.565000 0.037500 0.054000
4 0.828750 0.566000 0.072500 0.060000
4 0.711250 0.567000 0.037500 0.046000
5 0.248750 0.907000 0.092500 0.054000