0 0.545000 0.268000 0.047500 0.060000
0 0.598750 0.268000 0.062500 0.060000
0 0.661250 0.268000 0.062500 0.056000
1 0.567500 0.372000 0.107500 0.076000
1 0.675000 0.371000 0.107500 0.070000
1 0.768750 0.372000 0.080000 0.064000
2 0.651875 0.448000 0.098750 0.068000
2 0.723125 0.442000 0.036250 0.056000
3 0.638750 0.507000 0.087500 0.062000
3 0.723125 0.509000 0.063750 0.062000
3 0.769375 0.510000 0.033750 0.060000
4 0.816875 0.573000 0.066250 0.050000
4 0.592500 0.571000 0.037500 0.058000
4 0.704375 0.571000 0.038750 0.054000
5 0.253750 0.918000 0.082500 0.044000