0 0.575000 0.251000 0.052500 0.062000
0 0.635625 0.252000 0.071250 0.064000
0 0.707500 0.251000 0.072500 0.062000
1 0.603750 0.349000 0.055000 0.066000
1 0.672500 0.353000 0.080000 0.070000
1 0.766250 0.350000 0.105000 0.064000
2 0.673125 0.424000 0.098750 0.060000
2 0.746875 0.424000 0.038750 0.056000
3 0.673125 0.506000 0.098750 0.072000
3 0.758750 0.504000 0.067500 0.060000
3 0.809375 0.502000 0.036250 0.052000
4 0.609375 0.560000 0.038750 0.056000
4 0.825000 0.561000 0.067500 0.058000
4 0.715625 0.564000 0.028750 0.056000
5 0.285625 0.910000 0.096250 0.044000