0 0.566875 0.225000 0.048750 0.062000
0 0.625000 0.229000 0.067500 0.062000
0 0.691875 0.228000 0.068750 0.060000
1 0.575000 0.315000 0.130000 0.066000
1 0.670625 0.317000 0.058750 0.066000
1 0.774375 0.317000 0.148750 0.066000
2 0.662500 0.383000 0.092500 0.058000
2 0.732500 0.383000 0.037500 0.054000
3 0.658750 0.464000 0.095000 0.072000
3 0.740625 0.462000 0.063750 0.060000
2 0.788125 0.460000 0.033750 0.052000
4 0.605000 0.521000 0.042500 0.058000
4 0.813125 0.521000 0.071250 0.058000
4 0.712500 0.530000 0.030000 0.044000
5 0.286250 0.879000 0.097500 0.046000
5 0.530000 0.877000 0.080000 0.042000