0 0.625625 0.222000 0.068750 0.064000
0 0.693750 0.220000 0.067500 0.060000
0 0.568750 0.222000 0.047500 0.060000
1 0.810625 0.323000 0.088750 0.066000
1 0.607500 0.328000 0.160000 0.072000
1 0.728750 0.323000 0.090000 0.062000
2 0.676250 0.410000 0.072500 0.072000
2 0.740000 0.407000 0.045000 0.066000
3 0.870625 0.468000 0.056250 0.072000
3 0.783750 0.468000 0.057500 0.060000
3 0.699375 0.478000 0.106250 0.072000
3 0.592500 0.477000 0.097500 0.062000
3 0.825625 0.474000 0.016250 0.036000
4 0.845000 0.533000 0.077500 0.062000
4 0.738750 0.536000 0.045000 0.056000
4 0.621250 0.541000 0.040000 0.054000
5 0.270000 0.896000 0.090000 0.044000