0 0.690000 0.205000 0.070000 0.062000
0 0.621250 0.208000 0.070000 0.064000
0 0.561875 0.212000 0.048750 0.060000
1 0.829375 0.312000 0.088750 0.064000
1 0.725625 0.318000 0.121250 0.072000
1 0.585000 0.321000 0.155000 0.066000
2 0.677500 0.405000 0.135000 0.070000
2 0.770000 0.401000 0.037500 0.058000
3 0.768125 0.467000 0.091250 0.066000
3 0.857500 0.469000 0.080000 0.066000
3 0.570000 0.471000 0.060000 0.062000
3 0.651250 0.476000 0.090000 0.068000
3 0.710625 0.480000 0.018750 0.024000
4 0.609375 0.538000 0.041250 0.056000
4 0.855000 0.544000 0.077500 0.064000
4 0.734375 0.545000 0.043750 0.062000
5 0.253125 0.915000 0.083750 0.046000