0 0.603125 0.249000 0.068750 0.062000
0 0.667500 0.248000 0.065000 0.060000
0 0.543750 0.251000 0.047500 0.062000
1 0.749375 0.363000 0.136250 0.074000
1 0.629375 0.361000 0.106250 0.062000
1 0.545000 0.363000 0.057500 0.062000
2 0.653750 0.444000 0.105000 0.072000
2 0.729375 0.441000 0.036250 0.054000
3 0.881875 0.505000 0.053750 0.058000
3 0.684375 0.515000 0.091250 0.070000
3 0.790625 0.512000 0.118750 0.076000
3 0.520000 0.509000 0.085000 0.066000
3 0.600000 0.513000 0.060000 0.054000
4 0.707500 0.575000 0.040000 0.046000
4 0.823750 0.575000 0.067500 0.046000
4 0.589375 0.571000 0.036250 0.054000
5 0.248750 0.916000 0.085000 0.044000