0 0.675000 0.279000 0.065000 0.058000
0 0.609375 0.282000 0.066250 0.060000
0 0.553125 0.285000 0.046250 0.058000
1 0.796250 0.370000 0.110000 0.064000
1 0.694375 0.375000 0.093750 0.066000
1 0.573125 0.378000 0.146250 0.068000
2 0.720000 0.445000 0.045000 0.066000
2 0.655000 0.448000 0.075000 0.064000
3 0.647500 0.510000 0.095000 0.060000
3 0.781875 0.497000 0.033750 0.050000
3 0.732500 0.502000 0.067500 0.056000
4 0.827500 0.553000 0.075000 0.058000
4 0.714375 0.557000 0.038750 0.054000
4 0.600000 0.563000 0.037500 0.050000
5 0.275000 0.873000 0.082500 0.042000