0 0.560625 0.242000 0.046250 0.060000
0 0.615625 0.242000 0.066250 0.060000
0 0.681875 0.242000 0.066250 0.060000
1 0.596875 0.346000 0.056250 0.064000
1 0.669375 0.346000 0.091250 0.064000
1 0.751250 0.345000 0.072500 0.062000
2 0.658750 0.424000 0.077500 0.068000
2 0.723750 0.426000 0.045000 0.068000
3 0.655000 0.485000 0.090000 0.066000
3 0.736250 0.483000 0.067500 0.058000
3 0.788750 0.487000 0.027500 0.054000
4 0.611250 0.542000 0.042500 0.060000
4 0.717500 0.546000 0.037500 0.056000
4 0.822500 0.551000 0.072500 0.046000
5 0.266250 0.876000 0.087500 0.044000