0 0.616875 0.222000 0.068750 0.064000
0 0.689375 0.221000 0.071250 0.062000
0 0.561250 0.222000 0.047500 0.060000
1 0.668125 0.313000 0.073750 0.066000
1 0.760000 0.311000 0.110000 0.062000
1 0.585625 0.315000 0.088750 0.066000
2 0.654375 0.390000 0.076250 0.076000
2 0.715000 0.389000 0.042500 0.062000
3 0.844375 0.456000 0.088750 0.060000
3 0.765625 0.457000 0.061250 0.058000
3 0.574375 0.461000 0.091250 0.062000
3 0.679375 0.465000 0.106250 0.070000
4 0.591250 0.521000 0.045000 0.058000
4 0.814375 0.518000 0.068750 0.052000
4 0.705625 0.521000 0.031250 0.054000
5 0.270625 0.886000 0.093750 0.044000