0 0.572500 0.253000 0.045000 0.058000
0 0.626875 0.255000 0.061250 0.058000
0 0.691250 0.255000 0.062500 0.058000
1 0.595000 0.343000 0.150000 0.070000
1 0.803125 0.351000 0.108750 0.074000
1 0.708750 0.348000 0.075000 0.064000
2 0.676250 0.421000 0.087500 0.058000
2 0.744375 0.426000 0.041250 0.052000
3 0.589375 0.483000 0.091250 0.066000
3 0.690625 0.489000 0.098750 0.066000
3 0.812500 0.488000 0.017500 0.052000
3 0.773750 0.487000 0.052500 0.050000
3 0.855625 0.492000 0.061250 0.060000
4 0.611250 0.552000 0.030000 0.056000
4 0.727500 0.553000 0.040000 0.054000
4 0.840000 0.559000 0.065000 0.058000
5 0.277500 0.875000 0.100000 0.054000