0 0.626875 0.228000 0.066250 0.060000
0 0.571875 0.230000 0.048750 0.060000
0 0.691250 0.230000 0.065000 0.060000
1 0.605000 0.332000 0.157500 0.068000
1 0.724375 0.333000 0.078750 0.066000
1 0.806250 0.332000 0.082500 0.064000
2 0.677500 0.412000 0.060000 0.064000
2 0.731250 0.409000 0.037500 0.054000
3 0.683750 0.483000 0.070000 0.070000
3 0.760000 0.478000 0.070000 0.060000
3 0.831250 0.478000 0.067500 0.060000
3 0.608750 0.484000 0.077500 0.060000
4 0.846250 0.547000 0.067500 0.062000
4 0.733125 0.549000 0.041250 0.058000
4 0.625000 0.551000 0.040000 0.054000
5 0.273750 0.907000 0.090000 0.046000