0 0.617500 0.290000 0.062500 0.060000
0 0.682500 0.291000 0.067500 0.062000
0 0.563125 0.292000 0.046250 0.060000
1 0.593125 0.390000 0.068750 0.068000
1 0.746250 0.390000 0.105000 0.064000
1 0.658750 0.395000 0.070000 0.070000
2 0.663750 0.469000 0.075000 0.070000
2 0.726875 0.468000 0.043750 0.064000
3 0.798125 0.525000 0.033750 0.050000
3 0.647500 0.531000 0.090000 0.058000
3 0.739375 0.531000 0.088750 0.058000
4 0.823750 0.582000 0.072500 0.060000
4 0.616250 0.597000 0.040000 0.054000
4 0.720625 0.595000 0.026250 0.046000
5 0.273750 0.922000 0.085000 0.044000