0 0.571250 0.256000 0.047500 0.064000
0 0.628125 0.258000 0.066250 0.064000
0 0.695625 0.258000 0.068750 0.064000
1 0.638750 0.358000 0.137500 0.076000
1 0.792500 0.358000 0.165000 0.076000
1 0.543125 0.361000 0.056250 0.062000
2 0.676250 0.444000 0.070000 0.068000
2 0.739375 0.444000 0.046250 0.064000
3 0.601875 0.506000 0.078750 0.064000
3 0.680625 0.512000 0.068750 0.072000
3 0.751250 0.517000 0.075000 0.078000
3 0.831875 0.509000 0.088750 0.062000
4 0.851250 0.575000 0.070000 0.062000
4 0.615625 0.575000 0.038750 0.058000
4 0.733125 0.576000 0.033750 0.056000
5 0.263125 0.917000 0.088750 0.046000