0 0.651250 0.253000 0.067500 0.062000
0 0.717500 0.252000 0.067500 0.060000
0 0.593750 0.256000 0.050000 0.060000
1 0.614375 0.356000 0.161250 0.076000
1 0.837500 0.357000 0.115000 0.070000
1 0.736875 0.357000 0.083750 0.066000
2 0.701875 0.436000 0.096250 0.060000
2 0.777500 0.437000 0.040000 0.062000
3 0.694375 0.506000 0.093750 0.068000
3 0.830000 0.505000 0.027500 0.058000
3 0.781250 0.507000 0.070000 0.062000
4 0.869375 0.573000 0.073750 0.054000
4 0.644375 0.578000 0.038750 0.056000
4 0.758125 0.578000 0.026250 0.056000
5 0.281875 0.923000 0.088750 0.046000