0 0.566875 0.216000 0.048750 0.060000
0 0.623125 0.218000 0.063750 0.060000
0 0.688125 0.219000 0.066250 0.062000
1 0.757500 0.317000 0.135000 0.066000
1 0.578125 0.318000 0.061250 0.064000
1 0.649375 0.318000 0.081250 0.064000
2 0.670625 0.397000 0.076250 0.070000
2 0.735625 0.396000 0.046250 0.068000
3 0.751250 0.455000 0.070000 0.058000
3 0.799375 0.453000 0.033750 0.054000
3 0.665000 0.461000 0.095000 0.062000
3 0.837500 0.513000 0.075000 0.058000
4 0.625000 0.524000 0.035000 0.048000
4 0.731875 0.522000 0.023750 0.044000
5 0.267500 0.863000 0.087500 0.046000