0 0.717500 0.207000 0.070000 0.062000
0 0.588750 0.208000 0.052500 0.060000
0 0.648125 0.209000 0.071250 0.062000
1 0.834375 0.302000 0.103750 0.064000
1 0.735000 0.304000 0.092500 0.064000
1 0.610625 0.311000 0.161250 0.070000
2 0.681250 0.381000 0.075000 0.070000
2 0.745000 0.382000 0.050000 0.068000
3 0.653750 0.455000 0.107500 0.070000
3 0.557500 0.451000 0.080000 0.058000
3 0.838125 0.452000 0.076250 0.060000
3 0.753750 0.457000 0.087500 0.066000
3 0.916875 0.457000 0.078750 0.066000
4 0.835625 0.513000 0.071250 0.058000
4 0.732500 0.515000 0.030000 0.046000
4 0.626875 0.519000 0.036250 0.042000
5 0.300000 0.860000 0.095000 0.044000