0 0.682500 0.268000 0.067500 0.060000
0 0.616250 0.273000 0.065000 0.058000
0 0.561875 0.277000 0.048750 0.058000
1 0.785625 0.359000 0.101250 0.066000
1 0.685000 0.368000 0.095000 0.060000
1 0.582500 0.380000 0.110000 0.080000
2 0.731250 0.439000 0.042500 0.062000
2 0.669375 0.446000 0.071250 0.068000
3 0.855625 0.488000 0.053750 0.056000
3 0.772500 0.491000 0.055000 0.054000
3 0.814375 0.490000 0.021250 0.040000
3 0.695625 0.506000 0.096250 0.068000
3 0.590000 0.507000 0.090000 0.058000
4 0.840000 0.546000 0.075000 0.060000
4 0.726875 0.556000 0.038750 0.052000
4 0.614375 0.571000 0.038750 0.054000
5 0.295000 0.902000 0.080000 0.044000