0 0.685625 0.242000 0.061250 0.060000
0 0.559375 0.241000 0.041250 0.054000
0 0.619375 0.241000 0.061250 0.054000
1 0.558750 0.343000 0.157500 0.066000
1 0.681875 0.345000 0.076250 0.066000
1 0.807500 0.345000 0.157500 0.062000
2 0.671875 0.433000 0.096250 0.070000
2 0.746875 0.429000 0.043750 0.058000
3 0.660000 0.496000 0.097500 0.060000
3 0.745625 0.498000 0.063750 0.060000
3 0.796875 0.497000 0.016250 0.050000
4 0.611875 0.561000 0.033750 0.050000
4 0.723750 0.566000 0.020000 0.044000
4 0.835625 0.569000 0.068750 0.050000
5 0.248750 0.914000 0.087500 0.044000