0 0.673125 0.268000 0.058750 0.048000
0 0.610000 0.269000 0.057500 0.058000
0 0.555000 0.268000 0.042500 0.048000
1 0.815000 0.362000 0.095000 0.064000
1 0.702500 0.365000 0.120000 0.062000
1 0.525000 0.365000 0.100000 0.066000
1 0.610625 0.372000 0.061250 0.060000
2 0.654375 0.440000 0.071250 0.064000
2 0.715000 0.441000 0.042500 0.062000
3 0.599375 0.504000 0.081250 0.072000
3 0.741250 0.510000 0.072500 0.060000
3 0.808125 0.503000 0.063750 0.062000
3 0.672500 0.504000 0.062500 0.060000
4 0.814375 0.565000 0.068750 0.054000
4 0.708750 0.568000 0.030000 0.044000
4 0.605625 0.572000 0.033750 0.044000
5 0.268750 0.890000 0.082500 0.044000