0 0.553750 0.234000 0.047500 0.060000
0 0.610625 0.234000 0.066250 0.060000
0 0.676875 0.234000 0.066250 0.060000
1 0.596250 0.335000 0.162500 0.070000
1 0.713125 0.341000 0.068750 0.062000
1 0.790000 0.342000 0.085000 0.064000
2 0.658125 0.423000 0.078750 0.070000
2 0.723750 0.423000 0.045000 0.070000
3 0.673750 0.497000 0.110000 0.070000
3 0.763750 0.493000 0.065000 0.066000
3 0.567500 0.493000 0.100000 0.058000
3 0.840000 0.494000 0.092500 0.064000
4 0.600000 0.562000 0.042500 0.060000
4 0.720000 0.560000 0.040000 0.060000
4 0.839375 0.560000 0.076250 0.060000
5 0.247500 0.904000 0.082500 0.044000