0 0.607500 0.257000 0.067500 0.062000
0 0.671875 0.258000 0.066250 0.064000
0 0.551875 0.258000 0.046250 0.060000
1 0.768750 0.361000 0.105000 0.066000
1 0.555625 0.363000 0.068750 0.066000
1 0.653750 0.364000 0.125000 0.068000
2 0.658750 0.441000 0.095000 0.058000
2 0.728125 0.439000 0.036250 0.054000
3 0.645000 0.510000 0.092500 0.068000
3 0.730625 0.508000 0.068750 0.064000
3 0.778125 0.506000 0.033750 0.052000
4 0.825000 0.568000 0.080000 0.060000
4 0.708125 0.569000 0.038750 0.058000
4 0.596250 0.571000 0.040000 0.058000
5 0.258125 0.920000 0.083750 0.044000