0 0.641250 0.202000 0.072500 0.064000
0 0.714375 0.201000 0.071250 0.062000
1 0.579375 0.204000 0.053750 0.064000
1 0.808125 0.318000 0.103750 0.068000
1 0.616250 0.321000 0.105000 0.066000
1 0.712500 0.321000 0.087500 0.066000
2 0.695000 0.414000 0.080000 0.072000
2 0.765000 0.412000 0.050000 0.068000
3 0.686875 0.487000 0.108750 0.070000
3 0.780625 0.484000 0.073750 0.060000
3 0.837500 0.487000 0.027500 0.062000
4 0.875625 0.552000 0.081250 0.064000
4 0.638125 0.553000 0.041250 0.058000
4 0.760625 0.557000 0.021250 0.062000
5 0.253750 0.946000 0.090000 0.044000