0 0.678125 0.232000 0.063750 0.060000
0 0.559375 0.233000 0.046250 0.058000
0 0.613750 0.234000 0.065000 0.060000
1 0.743750 0.330000 0.097500 0.064000
1 0.590000 0.331000 0.060000 0.062000
1 0.656250 0.331000 0.075000 0.062000
2 0.666250 0.411000 0.127500 0.070000
2 0.751875 0.404000 0.036250 0.056000
3 0.643750 0.473000 0.095000 0.066000
3 0.738750 0.474000 0.090000 0.064000
3 0.799375 0.474000 0.026250 0.056000
4 0.717500 0.531000 0.040000 0.058000
4 0.832500 0.531000 0.072500 0.058000
4 0.606250 0.539000 0.032500 0.054000
5 0.261875 0.891000 0.086250 0.042000