0 0.542500 0.271000 0.047500 0.062000
0 0.597500 0.270000 0.062500 0.060000
0 0.661250 0.270000 0.065000 0.060000
1 0.755000 0.374000 0.125000 0.068000
1 0.553125 0.381000 0.108750 0.078000
1 0.650000 0.375000 0.087500 0.062000
2 0.719375 0.447000 0.036250 0.054000
2 0.646875 0.456000 0.101250 0.068000
3 0.638125 0.521000 0.088750 0.062000
3 0.719375 0.514000 0.066250 0.060000
3 0.766250 0.520000 0.032500 0.048000
4 0.698125 0.584000 0.033750 0.048000
4 0.809375 0.586000 0.066250 0.060000
4 0.586250 0.584000 0.037500 0.056000
5 0.253750 0.922000 0.082500 0.044000