0 0.576250 0.298000 0.045000 0.060000
0 0.631875 0.300000 0.063750 0.056000
0 0.696875 0.302000 0.063750 0.060000
1 0.646250 0.397000 0.055000 0.066000
1 0.588750 0.396000 0.060000 0.060000
1 0.754375 0.401000 0.151250 0.070000
2 0.675625 0.477000 0.071250 0.066000
2 0.739375 0.477000 0.046250 0.062000
3 0.588125 0.529000 0.091250 0.058000
3 0.690625 0.538000 0.101250 0.068000
3 0.774375 0.533000 0.061250 0.054000
3 0.851250 0.538000 0.087500 0.060000
4 0.618750 0.598000 0.042500 0.052000
4 0.845625 0.602000 0.071250 0.056000
4 0.730000 0.601000 0.037500 0.050000
5 0.283125 0.910000 0.083750 0.044000