0 0.725625 0.237000 0.071250 0.062000
0 0.595000 0.238000 0.055000 0.060000
0 0.656250 0.238000 0.070000 0.060000
1 0.850000 0.331000 0.137500 0.078000
1 0.591250 0.332000 0.152500 0.076000
1 0.727500 0.333000 0.110000 0.078000
2 0.691250 0.403000 0.072500 0.070000
2 0.756250 0.404000 0.045000 0.068000
2 0.829375 0.468000 0.036250 0.056000
3 0.694375 0.475000 0.096250 0.070000
3 0.782500 0.473000 0.072500 0.062000
4 0.625625 0.524000 0.043750 0.056000
4 0.855000 0.526000 0.075000 0.060000
4 0.737500 0.528000 0.040000 0.056000
5 0.311875 0.864000 0.093750 0.044000