0 0.630625 0.244000 0.068750 0.060000
0 0.697500 0.244000 0.067500 0.060000
0 0.573750 0.246000 0.047500 0.060000
1 0.813125 0.359000 0.091250 0.086000
1 0.728750 0.352000 0.082500 0.068000
1 0.608125 0.355000 0.153750 0.066000
2 0.684375 0.430000 0.101250 0.060000
2 0.755000 0.429000 0.037500 0.058000
3 0.876875 0.495000 0.088750 0.058000
3 0.941250 0.496000 0.030000 0.060000
3 0.795625 0.500000 0.063750 0.064000
3 0.558125 0.502000 0.118750 0.064000
3 0.645000 0.503000 0.050000 0.062000
3 0.715625 0.507000 0.086250 0.066000
4 0.846250 0.559000 0.075000 0.058000
4 0.627500 0.563000 0.040000 0.058000
4 0.738125 0.564000 0.038750 0.056000
5 0.281250 0.921000 0.085000 0.046000