0 0.646250 0.224000 0.070000 0.064000
0 0.715625 0.223000 0.071250 0.062000
0 0.586875 0.225000 0.051250 0.062000
1 0.818125 0.317000 0.121250 0.066000
1 0.702500 0.325000 0.110000 0.074000
1 0.590000 0.332000 0.117500 0.076000
2 0.686250 0.390000 0.095000 0.060000
2 0.757500 0.393000 0.040000 0.062000
3 0.687500 0.473000 0.092500 0.058000
3 0.769375 0.468000 0.068750 0.060000
3 0.821875 0.469000 0.023750 0.058000
4 0.840625 0.529000 0.073750 0.046000
4 0.622500 0.534000 0.035000 0.052000
4 0.730000 0.532000 0.025000 0.044000
5 0.305000 0.880000 0.095000 0.048000