0 0.640625 0.291000 0.068750 0.062000
1 0.580625 0.291000 0.048750 0.062000
1 0.711875 0.291000 0.071250 0.062000
1 0.716875 0.381000 0.131250 0.070000
1 0.823125 0.379000 0.083750 0.066000
2 0.593750 0.382000 0.110000 0.068000
2 0.674375 0.453000 0.081250 0.066000
2 0.741875 0.452000 0.048750 0.060000
3 0.682500 0.518000 0.095000 0.072000
3 0.766250 0.522000 0.062500 0.056000
3 0.816250 0.525000 0.030000 0.054000
4 0.609375 0.573000 0.038750 0.054000
4 0.723750 0.575000 0.037500 0.050000
4 0.841250 0.580000 0.070000 0.052000
5 0.291875 0.904000 0.096250 0.048000