0 0.700000 0.273000 0.067500 0.062000
0 0.633125 0.274000 0.066250 0.060000
0 0.576875 0.276000 0.048750 0.060000
1 0.808750 0.373000 0.122500 0.070000
1 0.668125 0.378000 0.156250 0.068000
1 0.559375 0.378000 0.056250 0.064000
2 0.678750 0.455000 0.077500 0.074000
2 0.746250 0.454000 0.045000 0.068000
3 0.663125 0.512000 0.091250 0.064000
3 0.761875 0.512000 0.091250 0.060000
3 0.821250 0.510000 0.035000 0.052000
4 0.855625 0.570000 0.076250 0.064000
4 0.736875 0.572000 0.038750 0.056000
4 0.620000 0.574000 0.040000 0.056000
5 0.281875 0.917000 0.088750 0.046000