0 0.748125 0.168000 0.073750 0.064000
0 0.673750 0.170000 0.075000 0.064000
0 0.608125 0.170000 0.056250 0.060000
1 0.804375 0.284000 0.073750 0.064000
1 0.734375 0.286000 0.066250 0.064000
1 0.676250 0.288000 0.052500 0.064000
2 0.815625 0.370000 0.041250 0.060000
2 0.733125 0.376000 0.113750 0.068000
3 0.873125 0.442000 0.036250 0.056000
3 0.722500 0.448000 0.105000 0.068000
3 0.817500 0.446000 0.075000 0.064000
3 0.916875 0.512000 0.081250 0.064000
4 0.669375 0.518000 0.043750 0.060000
4 0.793750 0.523000 0.035000 0.062000
5 0.278125 0.909000 0.096250 0.050000