0 0.588125 0.238000 0.053750 0.060000
0 0.721250 0.240000 0.072500 0.064000
0 0.650000 0.240000 0.070000 0.060000
1 0.770000 0.326000 0.115000 0.072000
1 0.608750 0.336000 0.060000 0.068000
1 0.678125 0.336000 0.076250 0.068000
2 0.690000 0.410000 0.097500 0.060000
2 0.762500 0.409000 0.040000 0.058000
3 0.605625 0.487000 0.053750 0.066000
3 0.664375 0.487000 0.056250 0.066000
3 0.735000 0.486000 0.077500 0.064000
3 0.835625 0.490000 0.108750 0.068000
4 0.617500 0.543000 0.040000 0.058000
4 0.850625 0.545000 0.073750 0.058000
4 0.731875 0.546000 0.041250 0.056000
5 0.299375 0.895000 0.093750 0.046000