0 0.628750 0.242000 0.067500 0.060000
0 0.695000 0.241000 0.067500 0.058000
0 0.571250 0.244000 0.050000 0.060000
1 0.594375 0.348000 0.161250 0.076000
1 0.814375 0.348000 0.111250 0.068000
1 0.715000 0.353000 0.082500 0.070000
2 0.674375 0.437000 0.071250 0.066000
2 0.740625 0.437000 0.043750 0.066000
3 0.658750 0.504000 0.097500 0.068000
3 0.755625 0.502000 0.091250 0.060000
3 0.816250 0.498000 0.037500 0.052000
4 0.850625 0.562000 0.076250 0.060000
4 0.615625 0.564000 0.041250 0.060000
4 0.733750 0.565000 0.040000 0.058000
5 0.271875 0.933000 0.093750 0.058000