0 0.626875 0.235000 0.068750 0.062000
0 0.694375 0.235000 0.066250 0.062000
0 0.569375 0.235000 0.048750 0.058000
1 0.795625 0.344000 0.111250 0.068000
1 0.590625 0.350000 0.113750 0.076000
1 0.691875 0.343000 0.093750 0.062000
2 0.679375 0.429000 0.058750 0.066000
2 0.733750 0.423000 0.037500 0.054000
3 0.779375 0.489000 0.098750 0.062000
3 0.611875 0.494000 0.093750 0.064000
3 0.853750 0.492000 0.042500 0.060000
3 0.693750 0.499000 0.065000 0.070000
4 0.850000 0.555000 0.072500 0.062000
4 0.732500 0.555000 0.040000 0.058000
4 0.620000 0.559000 0.042500 0.058000
5 0.268125 0.917000 0.086250 0.046000