0 0.623125 0.202000 0.071250 0.064000
0 0.691250 0.202000 0.067500 0.060000
0 0.563750 0.204000 0.050000 0.060000
1 0.782500 0.308000 0.060000 0.064000
1 0.700000 0.310000 0.100000 0.064000
1 0.606875 0.314000 0.086250 0.064000
2 0.671250 0.397000 0.080000 0.074000
2 0.738750 0.395000 0.047500 0.070000
3 0.718125 0.464000 0.083750 0.072000
3 0.823125 0.462000 0.113750 0.068000
3 0.581875 0.468000 0.056250 0.072000
3 0.643125 0.469000 0.058750 0.074000
4 0.620000 0.542000 0.045000 0.060000
4 0.731875 0.537000 0.028750 0.058000
4 0.845625 0.532000 0.078750 0.056000
5 0.256875 0.891000 0.088750 0.046000