0 0.545000 0.223000 0.050000 0.062000
0 0.601875 0.223000 0.066250 0.062000
0 0.665000 0.223000 0.065000 0.062000
1 0.783125 0.322000 0.138750 0.072000
1 0.556875 0.327000 0.156250 0.070000
1 0.673750 0.329000 0.080000 0.066000
2 0.653750 0.407000 0.097500 0.058000
2 0.723125 0.407000 0.036250 0.058000
3 0.746875 0.476000 0.101250 0.064000
3 0.820000 0.475000 0.040000 0.058000
3 0.580000 0.479000 0.075000 0.062000
3 0.656875 0.482000 0.071250 0.068000
4 0.591250 0.537000 0.042500 0.058000
4 0.820000 0.539000 0.072500 0.062000
4 0.705625 0.540000 0.041250 0.060000
5 0.239375 0.907000 0.091250 0.046000