0 0.687500 0.259000 0.065000 0.062000
0 0.621875 0.261000 0.066250 0.062000
0 0.566250 0.262000 0.045000 0.060000
1 0.762500 0.369000 0.132500 0.078000
1 0.655625 0.365000 0.078750 0.066000
1 0.579375 0.367000 0.071250 0.066000
2 0.666875 0.447000 0.076250 0.070000
2 0.731250 0.445000 0.045000 0.066000
3 0.661250 0.511000 0.095000 0.070000
3 0.745000 0.505000 0.065000 0.058000
3 0.795000 0.504000 0.030000 0.052000
4 0.830000 0.565000 0.077500 0.062000
4 0.726875 0.568000 0.038750 0.052000
4 0.614375 0.571000 0.036250 0.054000
5 0.280625 0.913000 0.086250 0.050000