0 0.700625 0.243000 0.058750 0.062000
0 0.634375 0.246000 0.076250 0.064000
0 0.575000 0.252000 0.042500 0.064000
1 0.600000 0.348000 0.147500 0.076000
1 0.810000 0.345000 0.112500 0.070000
1 0.715625 0.349000 0.078750 0.066000
2 0.681250 0.428000 0.067500 0.068000
2 0.741875 0.430000 0.043750 0.060000
3 0.861250 0.494000 0.052500 0.056000
3 0.667500 0.497000 0.100000 0.058000
3 0.801875 0.488000 0.058750 0.048000
3 0.581250 0.492000 0.057500 0.064000
3 0.744375 0.492000 0.041250 0.048000
4 0.847500 0.555000 0.070000 0.050000
4 0.735625 0.559000 0.033750 0.046000
4 0.620000 0.563000 0.035000 0.050000
5 0.283750 0.898000 0.087500 0.044000