0 0.680625 0.253000 0.068750 0.062000
0 0.612500 0.255000 0.067500 0.062000
0 0.555625 0.257000 0.048750 0.062000
1 0.591250 0.356000 0.157500 0.072000
1 0.790625 0.360000 0.103750 0.064000
1 0.703750 0.369000 0.067500 0.078000
2 0.659375 0.445000 0.076250 0.070000
2 0.724375 0.443000 0.043750 0.066000
3 0.569375 0.508000 0.093750 0.060000
3 0.762500 0.506000 0.062500 0.056000
3 0.841250 0.507000 0.090000 0.058000
3 0.671875 0.513000 0.106250 0.070000
4 0.826875 0.571000 0.076250 0.062000
4 0.720625 0.569000 0.038750 0.054000
4 0.608125 0.576000 0.043750 0.060000
5 0.261250 0.918000 0.082500 0.044000