0 0.703125 0.215000 0.063750 0.062000
0 0.581875 0.215000 0.048750 0.058000
0 0.639375 0.216000 0.066250 0.060000
1 0.796875 0.317000 0.101250 0.062000
1 0.700000 0.320000 0.092500 0.064000
1 0.603750 0.321000 0.092500 0.062000
2 0.693750 0.401000 0.097500 0.058000
2 0.765625 0.401000 0.036250 0.054000
2 0.818750 0.465000 0.030000 0.058000
3 0.684375 0.470000 0.091250 0.068000
3 0.768750 0.468000 0.070000 0.056000
4 0.849375 0.527000 0.073750 0.058000
4 0.643750 0.529000 0.042500 0.058000
4 0.750000 0.529000 0.037500 0.050000
5 0.290000 0.893000 0.092500 0.042000