1 0.564375 0.278000 0.051250 0.064000
1 0.625625 0.280000 0.073750 0.064000
1 0.696250 0.279000 0.072500 0.062000
1 0.753750 0.372000 0.132500 0.068000
1 0.571250 0.373000 0.062500 0.066000
2 0.644375 0.372000 0.078750 0.064000
2 0.658125 0.451000 0.081250 0.070000
2 0.725625 0.451000 0.046250 0.066000
3 0.573750 0.519000 0.097500 0.062000
3 0.681250 0.524000 0.105000 0.072000
3 0.767500 0.519000 0.062500 0.058000
3 0.846250 0.522000 0.087500 0.060000
4 0.711875 0.579000 0.041250 0.054000
4 0.825625 0.579000 0.071250 0.054000
4 0.591250 0.580000 0.037500 0.052000
5 0.277500 0.926000 0.092500 0.048000
5 0.631875 0.932000 0.061250 0.048000