0 0.700000 0.175000 0.080000 0.078000
0 0.543125 0.176000 0.053750 0.072000
0 0.615000 0.176000 0.072500 0.068000
1 0.795625 0.301000 0.111250 0.090000
1 0.589375 0.306000 0.081250 0.092000
1 0.685625 0.307000 0.096250 0.086000
2 0.777500 0.405000 0.045000 0.074000
2 0.683125 0.416000 0.123750 0.080000
3 0.836250 0.489000 0.030000 0.082000
3 0.773750 0.496000 0.077500 0.084000
3 0.663750 0.497000 0.120000 0.082000
4 0.598125 0.575000 0.036250 0.058000
4 0.746875 0.577000 0.036250 0.058000
4 0.895000 0.583000 0.087500 0.062000