0 0.613750 0.231000 0.067500 0.062000
0 0.679375 0.230000 0.066250 0.060000
0 0.557500 0.231000 0.047500 0.058000
1 0.773125 0.333000 0.093750 0.066000
1 0.683750 0.333000 0.082500 0.062000
1 0.590000 0.338000 0.102500 0.064000
2 0.741250 0.415000 0.045000 0.066000
2 0.666250 0.420000 0.100000 0.068000
3 0.851250 0.475000 0.075000 0.058000
3 0.657500 0.483000 0.107500 0.070000
3 0.763750 0.483000 0.095000 0.070000
3 0.561250 0.482000 0.080000 0.056000
4 0.835625 0.542000 0.073750 0.060000
4 0.718125 0.543000 0.041250 0.058000
4 0.602500 0.556000 0.042500 0.060000
5 0.260625 0.894000 0.086250 0.044000