0 0.625625 0.209000 0.066250 0.062000
0 0.691250 0.209000 0.067500 0.062000
0 0.569375 0.210000 0.048750 0.060000
1 0.800000 0.313000 0.127500 0.066000
1 0.569375 0.320000 0.108750 0.076000
1 0.678750 0.319000 0.110000 0.074000
2 0.677500 0.397000 0.102500 0.070000
2 0.751875 0.390000 0.036250 0.056000
3 0.670000 0.460000 0.097500 0.068000
2 0.800625 0.457000 0.033750 0.054000
3 0.753750 0.460000 0.067500 0.060000
3 0.840000 0.523000 0.075000 0.062000
4 0.628125 0.525000 0.038750 0.058000
4 0.730625 0.526000 0.028750 0.056000
5 0.272500 0.894000 0.087500 0.044000