0 0.566875 0.260000 0.048750 0.060000
0 0.625000 0.262000 0.070000 0.060000
0 0.695625 0.263000 0.068750 0.058000
1 0.693750 0.349000 0.055000 0.066000
1 0.588750 0.351000 0.152500 0.066000
1 0.786250 0.355000 0.130000 0.074000
2 0.659375 0.424000 0.076250 0.068000
2 0.723750 0.423000 0.045000 0.066000
3 0.678750 0.491000 0.105000 0.074000
3 0.576250 0.494000 0.097500 0.060000
3 0.766250 0.493000 0.062500 0.058000
3 0.845625 0.495000 0.086250 0.062000
4 0.600625 0.552000 0.041250 0.052000
4 0.710000 0.544000 0.035000 0.052000
4 0.817500 0.552000 0.067500 0.052000
5 0.286250 0.865000 0.092500 0.046000