0 0.584375 0.253000 0.048750 0.058000
0 0.643750 0.254000 0.072500 0.060000
0 0.713750 0.257000 0.070000 0.062000
1 0.613125 0.343000 0.156250 0.074000
1 0.731250 0.346000 0.080000 0.064000
1 0.820000 0.352000 0.095000 0.068000
2 0.681250 0.419000 0.102500 0.074000
2 0.754375 0.421000 0.036250 0.054000
3 0.613750 0.481000 0.097500 0.062000
3 0.716250 0.491000 0.105000 0.074000
3 0.832500 0.489000 0.120000 0.066000
4 0.724375 0.553000 0.028750 0.054000
4 0.831875 0.555000 0.071250 0.054000
4 0.619375 0.545000 0.043750 0.046000
5 0.293125 0.864000 0.078750 0.044000