0 0.605625 0.286000 0.066250 0.060000
0 0.671250 0.286000 0.067500 0.060000
0 0.548750 0.288000 0.047500 0.060000
1 0.692500 0.390000 0.082500 0.076000
1 0.785625 0.390000 0.101250 0.076000
1 0.576875 0.390000 0.151250 0.072000
2 0.656250 0.467000 0.100000 0.074000
2 0.728125 0.460000 0.036250 0.052000
3 0.776875 0.524000 0.036250 0.052000
3 0.645000 0.528000 0.085000 0.048000
3 0.727500 0.528000 0.065000 0.048000
4 0.823750 0.588000 0.062500 0.052000
5 0.598125 0.590000 0.036250 0.048000
4 0.706250 0.595000 0.035000 0.050000
5 0.252500 0.921000 0.082500 0.042000