0 0.616250 0.235000 0.067500 0.062000
0 0.685000 0.235000 0.070000 0.062000
0 0.559375 0.236000 0.048750 0.060000
1 0.760625 0.332000 0.136250 0.072000
1 0.577500 0.340000 0.077500 0.060000
1 0.656250 0.341000 0.082500 0.062000
2 0.664375 0.426000 0.078750 0.072000
2 0.733125 0.424000 0.048750 0.068000
3 0.648125 0.489000 0.098750 0.066000
3 0.747500 0.486000 0.092500 0.060000
3 0.810625 0.487000 0.026250 0.062000
4 0.845625 0.547000 0.076250 0.062000
4 0.605625 0.547000 0.036250 0.062000
4 0.724375 0.550000 0.043750 0.060000
5 0.253750 0.906000 0.085000 0.048000