0 0.550625 0.273000 0.046250 0.058000
0 0.605625 0.273000 0.063750 0.058000
0 0.669375 0.273000 0.063750 0.058000
1 0.675625 0.369000 0.078750 0.074000
1 0.581875 0.371000 0.106250 0.074000
1 0.758750 0.365000 0.082500 0.062000
2 0.648750 0.438000 0.072500 0.068000
2 0.710625 0.437000 0.043750 0.066000
3 0.770000 0.487000 0.030000 0.054000
3 0.721250 0.491000 0.062500 0.050000
3 0.641875 0.495000 0.088750 0.050000
4 0.815000 0.541000 0.070000 0.058000
4 0.592500 0.542000 0.040000 0.056000
4 0.702500 0.545000 0.040000 0.054000
5 0.265000 0.843000 0.080000 0.042000