0 0.588125 0.294000 0.051250 0.056000
0 0.648125 0.297000 0.063750 0.058000
0 0.716250 0.300000 0.067500 0.056000
1 0.595625 0.384000 0.151250 0.080000
1 0.726875 0.394000 0.101250 0.072000
1 0.833750 0.403000 0.102500 0.078000
2 0.682500 0.463000 0.092500 0.074000
2 0.753750 0.467000 0.042500 0.062000
3 0.568750 0.532000 0.125000 0.072000
3 0.653750 0.532000 0.040000 0.068000
3 0.720000 0.540000 0.080000 0.068000
3 0.874375 0.547000 0.081250 0.070000
3 0.798750 0.542000 0.065000 0.060000
3 0.935625 0.547000 0.021250 0.058000
4 0.617500 0.583000 0.035000 0.050000
4 0.721250 0.592000 0.027500 0.044000
4 0.825625 0.598000 0.068750 0.052000
5 0.290625 0.887000 0.091250 0.050000