0 0.552500 0.190000 0.050000 0.060000
0 0.610000 0.194000 0.067500 0.060000
0 0.675625 0.196000 0.066250 0.060000
1 0.550625 0.296000 0.106250 0.068000
1 0.647500 0.301000 0.085000 0.070000
1 0.771250 0.308000 0.165000 0.072000
2 0.654375 0.385000 0.076250 0.070000
2 0.720625 0.386000 0.046250 0.068000
3 0.648750 0.452000 0.097500 0.068000
3 0.734375 0.453000 0.068750 0.062000
2 0.782500 0.450000 0.032500 0.052000
4 0.820625 0.520000 0.076250 0.064000
4 0.711875 0.518000 0.028750 0.060000
4 0.604375 0.517000 0.038750 0.054000
5 0.233750 0.873000 0.092500 0.046000