0 0.595000 0.265000 0.050000 0.062000
0 0.655000 0.267000 0.067500 0.062000
0 0.725000 0.269000 0.070000 0.062000
1 0.606875 0.364000 0.111250 0.076000
1 0.703125 0.362000 0.081250 0.064000
1 0.809375 0.368000 0.128750 0.072000
2 0.692500 0.440000 0.105000 0.068000
2 0.766250 0.435000 0.037500 0.054000
3 0.832500 0.509000 0.027500 0.062000
3 0.777500 0.509000 0.065000 0.058000
3 0.696875 0.512000 0.091250 0.060000
4 0.631250 0.560000 0.040000 0.056000
4 0.843125 0.562000 0.068750 0.060000
4 0.738125 0.564000 0.033750 0.048000
5 0.306250 0.904000 0.100000 0.048000