0 0.483750 0.320000 0.037500 0.052000
0 0.531875 0.324000 0.051250 0.044000
0 0.583750 0.327000 0.047500 0.046000
1 0.503125 0.405000 0.123750 0.074000
1 0.598750 0.417000 0.062500 0.054000
1 0.675625 0.427000 0.086250 0.058000
2 0.572500 0.483000 0.102500 0.062000
2 0.643750 0.487000 0.030000 0.054000
3 0.566875 0.543000 0.081250 0.058000
3 0.634375 0.542000 0.053750 0.052000
3 0.674375 0.545000 0.018750 0.050000
4 0.523750 0.591000 0.032500 0.046000
4 0.617500 0.599000 0.027500 0.046000
4 0.710625 0.604000 0.058750 0.052000
5 0.226250 0.887000 0.077500 0.042000