0 0.585625 0.250000 0.048750 0.060000
0 0.643750 0.253000 0.067500 0.062000
0 0.708750 0.254000 0.065000 0.060000
1 0.554375 0.352000 0.106250 0.068000
1 0.641875 0.365000 0.066250 0.078000
1 0.844375 0.361000 0.136250 0.070000
1 0.726875 0.360000 0.103750 0.064000
2 0.693750 0.439000 0.077500 0.070000
2 0.755625 0.439000 0.043750 0.066000
3 0.626875 0.503000 0.093750 0.066000
3 0.795625 0.499000 0.101250 0.058000
3 0.706875 0.507000 0.066250 0.070000
3 0.870000 0.501000 0.042500 0.058000
4 0.857500 0.562000 0.072500 0.060000
4 0.746875 0.562000 0.036250 0.052000
4 0.643125 0.562000 0.036250 0.048000
5 0.272500 0.912000 0.090000 0.048000