0 0.630000 0.217000 0.067500 0.058000
0 0.696250 0.219000 0.067500 0.062000
0 0.576250 0.219000 0.047500 0.058000
1 0.782500 0.313000 0.127500 0.066000
1 0.565625 0.314000 0.053750 0.064000
1 0.655000 0.315000 0.122500 0.066000
2 0.675625 0.391000 0.073750 0.066000
2 0.739375 0.390000 0.043750 0.064000
2 0.800000 0.444000 0.032500 0.052000
3 0.753750 0.446000 0.070000 0.056000
3 0.670000 0.454000 0.092500 0.056000
4 0.836875 0.506000 0.073750 0.060000
4 0.627500 0.515000 0.035000 0.050000
4 0.733125 0.518000 0.026250 0.048000
5 0.276250 0.830000 0.085000 0.040000