0 0.634375 0.232000 0.068750 0.064000
0 0.705000 0.232000 0.070000 0.064000
0 0.573750 0.235000 0.050000 0.062000
1 0.806875 0.344000 0.111250 0.068000
1 0.678125 0.351000 0.143750 0.070000
1 0.575625 0.354000 0.058750 0.068000
2 0.692500 0.436000 0.105000 0.068000
2 0.768750 0.435000 0.040000 0.066000
3 0.840625 0.508000 0.113750 0.068000
3 0.735625 0.507000 0.083750 0.062000
3 0.661250 0.516000 0.062500 0.076000
3 0.598750 0.512000 0.057500 0.064000
4 0.871875 0.578000 0.078750 0.064000
4 0.748125 0.580000 0.041250 0.056000
4 0.621250 0.585000 0.037500 0.054000
5 0.268125 0.955000 0.086250 0.046000