0 0.555625 0.252000 0.043750 0.060000
0 0.608750 0.255000 0.065000 0.058000
0 0.672500 0.256000 0.065000 0.060000
1 0.554375 0.350000 0.143750 0.068000
1 0.703750 0.354000 0.152500 0.068000
1 0.819375 0.354000 0.086250 0.064000
2 0.652500 0.425000 0.072500 0.066000
2 0.713750 0.430000 0.042500 0.064000
3 0.641875 0.485000 0.103750 0.070000
3 0.556250 0.482000 0.057500 0.060000
3 0.718125 0.484000 0.043750 0.052000
3 0.770625 0.488000 0.063750 0.056000
3 0.830625 0.493000 0.051250 0.062000
4 0.596250 0.540000 0.040000 0.056000
4 0.704375 0.545000 0.041250 0.058000
4 0.816875 0.546000 0.071250 0.056000
5 0.268125 0.855000 0.083750 0.046000