0 0.561250 0.234000 0.047500 0.060000
0 0.618125 0.234000 0.066250 0.060000
0 0.684375 0.234000 0.066250 0.060000
1 0.565000 0.335000 0.072500 0.066000
1 0.666250 0.336000 0.127500 0.068000
1 0.783125 0.336000 0.106250 0.068000
2 0.665625 0.416000 0.073750 0.068000
2 0.730000 0.416000 0.045000 0.068000
3 0.681250 0.482000 0.105000 0.072000
3 0.576250 0.478000 0.097500 0.060000
3 0.768750 0.475000 0.065000 0.054000
3 0.845625 0.477000 0.086250 0.058000
4 0.833750 0.537000 0.072500 0.058000
4 0.722500 0.543000 0.027500 0.066000
4 0.615000 0.540000 0.040000 0.056000
5 0.258750 0.886000 0.090000 0.044000