0 0.566875 0.241000 0.048750 0.062000
0 0.691875 0.241000 0.068750 0.062000
0 0.625000 0.242000 0.067500 0.060000
1 0.590625 0.345000 0.158750 0.074000
1 0.808125 0.344000 0.103750 0.064000
1 0.714375 0.348000 0.086250 0.064000
2 0.736875 0.427000 0.046250 0.070000
2 0.672500 0.430000 0.072500 0.072000
3 0.861250 0.482000 0.057500 0.076000
3 0.777500 0.491000 0.060000 0.070000
3 0.693125 0.494000 0.103750 0.072000
3 0.590625 0.492000 0.093750 0.060000
4 0.845000 0.549000 0.075000 0.062000
4 0.731250 0.550000 0.042500 0.060000
4 0.611875 0.552000 0.038750 0.052000
5 0.267500 0.894000 0.087500 0.044000
3 0.818125 0.495000 0.016250 0.038000