0 0.709375 0.196000 0.073750 0.068000
0 0.568125 0.197000 0.056250 0.066000
0 0.634375 0.197000 0.076250 0.066000
1 0.826250 0.313000 0.095000 0.070000
1 0.701250 0.314000 0.155000 0.068000
1 0.581875 0.317000 0.083750 0.066000
2 0.688750 0.404000 0.087500 0.072000
2 0.761875 0.404000 0.048750 0.068000
3 0.681875 0.477000 0.108750 0.070000
2 0.834375 0.473000 0.036250 0.054000
3 0.778125 0.477000 0.076250 0.058000
3 0.878125 0.543000 0.083750 0.066000
4 0.633750 0.548000 0.050000 0.064000
4 0.756875 0.554000 0.031250 0.052000
5 0.228125 0.943000 0.096250 0.050000