0 0.581875 0.217000 0.051250 0.062000
0 0.714375 0.218000 0.071250 0.064000
0 0.643125 0.219000 0.071250 0.062000
1 0.596875 0.317000 0.153750 0.066000
1 0.714375 0.316000 0.083750 0.064000
1 0.821250 0.316000 0.127500 0.064000
2 0.678125 0.392000 0.098750 0.060000
2 0.750000 0.392000 0.037500 0.056000
3 0.586250 0.470000 0.082500 0.060000
3 0.681250 0.477000 0.102500 0.074000
3 0.782500 0.477000 0.092500 0.074000
3 0.869375 0.471000 0.076250 0.058000
4 0.614375 0.537000 0.036250 0.050000
4 0.828750 0.539000 0.067500 0.046000
4 0.722500 0.540000 0.027500 0.048000
5 0.302500 0.872000 0.092500 0.044000