0 0.695625 0.232000 0.068750 0.064000
0 0.568750 0.233000 0.050000 0.062000
0 0.626875 0.233000 0.068750 0.062000
1 0.604375 0.336000 0.161250 0.072000
1 0.814375 0.345000 0.088750 0.078000
1 0.728125 0.340000 0.083750 0.064000
2 0.679375 0.427000 0.103750 0.070000
2 0.758125 0.421000 0.038750 0.054000
3 0.807500 0.488000 0.035000 0.052000
3 0.756250 0.490000 0.065000 0.056000
3 0.670625 0.490000 0.096250 0.056000
4 0.852500 0.550000 0.075000 0.060000
4 0.616250 0.554000 0.042500 0.060000
4 0.735625 0.552000 0.041250 0.056000
5 0.268750 0.912000 0.085000 0.048000