0 0.680625 0.241000 0.068750 0.062000
0 0.611250 0.243000 0.070000 0.062000
0 0.553750 0.246000 0.047500 0.060000
1 0.716250 0.352000 0.142500 0.084000
1 0.826250 0.349000 0.085000 0.070000
1 0.560625 0.353000 0.163750 0.074000
2 0.666250 0.431000 0.102500 0.062000
2 0.737500 0.429000 0.037500 0.058000
3 0.816875 0.498000 0.101250 0.060000
3 0.561875 0.503000 0.123750 0.066000
3 0.893125 0.504000 0.046250 0.068000
3 0.649375 0.500000 0.043750 0.056000
3 0.715625 0.508000 0.088750 0.068000
4 0.599375 0.571000 0.038750 0.058000
4 0.839375 0.573000 0.073750 0.054000
4 0.721250 0.576000 0.042500 0.048000
5 0.248750 0.918000 0.082500 0.044000