0 0.647500 0.224000 0.062500 0.060000
0 0.534375 0.226000 0.046250 0.060000
0 0.586250 0.225000 0.062500 0.058000
1 0.741875 0.322000 0.121250 0.064000
1 0.640625 0.323000 0.081250 0.062000
1 0.546250 0.330000 0.105000 0.072000
2 0.710000 0.395000 0.035000 0.054000
2 0.640000 0.407000 0.097500 0.070000
2 0.760000 0.461000 0.032500 0.050000
3 0.713750 0.467000 0.062500 0.062000
3 0.634375 0.469000 0.091250 0.062000
4 0.806250 0.521000 0.067500 0.058000
4 0.588125 0.527000 0.041250 0.058000
4 0.695000 0.526000 0.040000 0.056000
5 0.252500 0.909000 0.085000 0.046000