0 0.701250 0.247000 0.072500 0.062000
0 0.566250 0.251000 0.052500 0.062000
0 0.628750 0.251000 0.072500 0.062000
1 0.596250 0.341000 0.162500 0.074000
1 0.815625 0.341000 0.108750 0.074000
1 0.716875 0.343000 0.083750 0.070000
2 0.668750 0.412000 0.100000 0.060000
2 0.741875 0.410000 0.038750 0.056000
3 0.668125 0.489000 0.098750 0.070000
2 0.808125 0.487000 0.033750 0.062000
3 0.756250 0.486000 0.070000 0.060000
4 0.835000 0.550000 0.072500 0.048000
4 0.599375 0.556000 0.043750 0.060000
4 0.713750 0.550000 0.040000 0.056000
5 0.286250 0.883000 0.095000 0.046000