0 0.673750 0.239000 0.057500 0.050000
0 0.552500 0.242000 0.045000 0.056000
0 0.607500 0.240000 0.057500 0.048000
1 0.597500 0.338000 0.055000 0.068000
1 0.667500 0.340000 0.075000 0.060000
1 0.743750 0.344000 0.062500 0.064000
2 0.734375 0.414000 0.036250 0.060000
2 0.661250 0.423000 0.100000 0.066000
3 0.759375 0.481000 0.058750 0.062000
3 0.569375 0.487000 0.088750 0.058000
3 0.837500 0.488000 0.087500 0.060000
3 0.673750 0.491000 0.097500 0.062000
4 0.832500 0.552000 0.065000 0.048000
4 0.599375 0.555000 0.031250 0.050000
4 0.715625 0.555000 0.033750 0.042000
5 0.250000 0.915000 0.082500 0.038000