0 0.642500 0.266000 0.072500 0.064000
0 0.579375 0.267000 0.053750 0.062000
1 0.715000 0.271000 0.072500 0.066000
1 0.808750 0.360000 0.095000 0.080000
1 0.715625 0.362000 0.091250 0.080000
1 0.614375 0.362000 0.111250 0.076000
2 0.685000 0.437000 0.095000 0.058000
2 0.755000 0.444000 0.037500 0.056000
3 0.702500 0.516000 0.105000 0.072000
3 0.598750 0.513000 0.092500 0.062000
3 0.793125 0.510000 0.063750 0.056000
3 0.870000 0.511000 0.087500 0.058000
4 0.618750 0.573000 0.042500 0.058000
4 0.836875 0.573000 0.071250 0.058000
4 0.730000 0.573000 0.037500 0.050000
5 0.296875 0.935000 0.098750 0.046000