0 0.555000 0.272000 0.047500 0.052000
0 0.680625 0.272000 0.061250 0.052000
0 0.611250 0.273000 0.072500 0.054000
1 0.551875 0.377000 0.093750 0.066000
1 0.744375 0.375000 0.083750 0.058000
1 0.651250 0.376000 0.100000 0.056000
1 0.823125 0.375000 0.066250 0.074000
2 0.664375 0.452000 0.098750 0.060000
2 0.740625 0.453000 0.038750 0.058000
3 0.655625 0.516000 0.093750 0.056000
3 0.791250 0.513000 0.015000 0.046000
3 0.739375 0.519000 0.061250 0.050000
4 0.611250 0.583000 0.035000 0.058000
4 0.830000 0.582000 0.077500 0.052000
4 0.717500 0.577000 0.025000 0.038000
5 0.258750 0.918000 0.100000 0.032000