0 0.606250 0.251000 0.067500 0.062000
0 0.671250 0.250000 0.067500 0.060000
0 0.549375 0.254000 0.046250 0.060000
1 0.593750 0.349000 0.110000 0.078000
1 0.695625 0.355000 0.083750 0.066000
1 0.765625 0.354000 0.056250 0.064000
2 0.731250 0.428000 0.037500 0.056000
2 0.659375 0.431000 0.096250 0.058000
3 0.733125 0.500000 0.066250 0.060000
3 0.652500 0.505000 0.097500 0.066000
3 0.781875 0.496000 0.033750 0.048000
4 0.822500 0.560000 0.075000 0.060000
4 0.610000 0.570000 0.037500 0.056000
4 0.711875 0.573000 0.026250 0.054000
5 0.251250 0.934000 0.090000 0.052000