0 0.556875 0.167000 0.053750 0.062000
0 0.622500 0.169000 0.075000 0.066000
0 0.696875 0.168000 0.073750 0.064000
1 0.738125 0.276000 0.118750 0.072000
1 0.595625 0.276000 0.158750 0.068000
1 0.834375 0.278000 0.071250 0.068000
2 0.666875 0.359000 0.108750 0.074000
2 0.746250 0.351000 0.040000 0.058000
3 0.666875 0.438000 0.101250 0.068000
3 0.760000 0.436000 0.075000 0.064000
2 0.810000 0.434000 0.032500 0.056000
4 0.831875 0.498000 0.076250 0.064000
3 0.600625 0.505000 0.041250 0.062000
4 0.713125 0.505000 0.031250 0.054000
5 0.254375 0.872000 0.098750 0.048000