0 0.638750 0.251000 0.065000 0.062000
0 0.578750 0.252000 0.062500 0.060000
0 0.525000 0.255000 0.045000 0.058000
1 0.734375 0.338000 0.098750 0.064000
1 0.626250 0.345000 0.120000 0.066000
1 0.531250 0.350000 0.065000 0.064000
2 0.635625 0.417000 0.098750 0.062000
2 0.700000 0.412000 0.037500 0.052000
3 0.753125 0.473000 0.028750 0.058000
3 0.705000 0.476000 0.057500 0.060000
3 0.621875 0.479000 0.086250 0.062000
4 0.802500 0.534000 0.075000 0.056000
4 0.578750 0.543000 0.040000 0.058000
4 0.685625 0.542000 0.038750 0.052000
5 0.241250 0.892000 0.080000 0.044000