0 0.601875 0.248000 0.051250 0.060000
0 0.661250 0.249000 0.070000 0.062000
0 0.731250 0.251000 0.070000 0.062000
1 0.636875 0.346000 0.111250 0.068000
1 0.734375 0.344000 0.083750 0.064000
1 0.818125 0.347000 0.083750 0.070000
2 0.700625 0.423000 0.138750 0.070000
2 0.791250 0.416000 0.037500 0.052000
3 0.698750 0.493000 0.097500 0.074000
3 0.784375 0.492000 0.068750 0.064000
3 0.833750 0.493000 0.035000 0.054000
4 0.851250 0.550000 0.072500 0.060000
4 0.637500 0.550000 0.040000 0.056000
4 0.744375 0.555000 0.028750 0.054000
5 0.306250 0.891000 0.097500 0.046000