0 0.721250 0.225000 0.070000 0.066000
0 0.651250 0.228000 0.070000 0.068000
0 0.590625 0.228000 0.051250 0.064000
1 0.819375 0.332000 0.116250 0.068000
1 0.616875 0.337000 0.108750 0.070000
1 0.717500 0.337000 0.087500 0.070000
2 0.701875 0.425000 0.081250 0.070000
2 0.771875 0.425000 0.046250 0.070000
3 0.686250 0.493000 0.107500 0.070000
3 0.790000 0.490000 0.095000 0.064000
3 0.853125 0.488000 0.026250 0.052000
4 0.893125 0.560000 0.076250 0.060000
4 0.766875 0.561000 0.038750 0.054000
4 0.646250 0.567000 0.045000 0.050000
5 0.279375 0.945000 0.093750 0.046000