0 0.691875 0.274000 0.068750 0.060000
0 0.624375 0.275000 0.066250 0.058000
0 0.565625 0.278000 0.048750 0.060000
1 0.799375 0.372000 0.106250 0.064000
1 0.691250 0.378000 0.107500 0.064000
1 0.581875 0.386000 0.111250 0.076000
2 0.671875 0.459000 0.076250 0.066000
2 0.737500 0.458000 0.045000 0.064000
3 0.670000 0.524000 0.092500 0.056000
3 0.753125 0.521000 0.071250 0.054000
3 0.804375 0.519000 0.033750 0.050000
4 0.854375 0.584000 0.076250 0.060000
4 0.735625 0.587000 0.041250 0.058000
4 0.614375 0.588000 0.036250 0.052000
5 0.266875 0.935000 0.088750 0.050000