0 0.573750 0.265000 0.052500 0.062000
1 0.636875 0.267000 0.073750 0.066000
1 0.708125 0.269000 0.071250 0.066000
1 0.797500 0.367000 0.087500 0.078000
2 0.606250 0.363000 0.112500 0.070000
2 0.706875 0.359000 0.086250 0.062000
2 0.675625 0.434000 0.096250 0.060000
2 0.748125 0.433000 0.038750 0.054000
3 0.698125 0.514000 0.106250 0.072000
3 0.593125 0.509000 0.093750 0.058000
3 0.784375 0.508000 0.058750 0.056000
3 0.863125 0.510000 0.091250 0.060000
4 0.828750 0.571000 0.070000 0.058000
4 0.611250 0.572000 0.040000 0.056000
4 0.723750 0.571000 0.037500 0.050000
5 0.293750 0.942000 0.110000 0.040000