0 0.693750 0.292000 0.067500 0.060000
0 0.627500 0.295000 0.067500 0.062000
0 0.572500 0.296000 0.047500 0.064000
1 0.760625 0.392000 0.088750 0.068000
1 0.675625 0.392000 0.076250 0.064000
1 0.606250 0.396000 0.062500 0.060000
2 0.752500 0.465000 0.035000 0.054000
2 0.678750 0.474000 0.100000 0.068000
3 0.749375 0.530000 0.063750 0.056000
3 0.800000 0.527000 0.035000 0.050000
3 0.665000 0.536000 0.105000 0.052000
4 0.844375 0.584000 0.073750 0.056000
4 0.730625 0.588000 0.041250 0.056000
4 0.616875 0.591000 0.038750 0.050000
5 0.280000 0.931000 0.090000 0.038000