0 0.557500 0.236000 0.050000 0.060000
0 0.616875 0.237000 0.071250 0.062000
0 0.687500 0.236000 0.070000 0.060000
1 0.591875 0.328000 0.113750 0.068000
1 0.686875 0.328000 0.081250 0.068000
1 0.775000 0.327000 0.092500 0.062000
2 0.658750 0.398000 0.097500 0.056000
2 0.729375 0.399000 0.036250 0.054000
3 0.573750 0.475000 0.097500 0.062000
3 0.678750 0.481000 0.107500 0.074000
3 0.766875 0.473000 0.061250 0.058000
3 0.845625 0.476000 0.088750 0.060000
4 0.593125 0.534000 0.041250 0.056000
4 0.813125 0.536000 0.068750 0.056000
4 0.704375 0.548000 0.028750 0.060000
5 0.265625 0.890000 0.083750 0.044000