0 0.704375 0.212000 0.066250 0.060000
0 0.580000 0.213000 0.050000 0.058000
0 0.637500 0.214000 0.067500 0.060000
1 0.782500 0.300000 0.140000 0.072000
1 0.585625 0.304000 0.108750 0.072000
1 0.676250 0.301000 0.072500 0.066000
2 0.673750 0.376000 0.075000 0.068000
2 0.736875 0.375000 0.046250 0.066000
3 0.906875 0.441000 0.056250 0.066000
3 0.820625 0.445000 0.108750 0.070000
3 0.713125 0.447000 0.093750 0.074000
3 0.555625 0.447000 0.086250 0.066000
3 0.632500 0.445000 0.060000 0.062000
4 0.838750 0.508000 0.067500 0.048000
4 0.613750 0.502000 0.042500 0.052000
4 0.730000 0.509000 0.037500 0.042000
5 0.291250 0.849000 0.105000 0.054000