0 0.570625 0.291000 0.046250 0.058000
0 0.628750 0.289000 0.065000 0.062000
0 0.694375 0.288000 0.063750 0.060000
1 0.594375 0.381000 0.131250 0.066000
1 0.711250 0.383000 0.102500 0.066000
1 0.803750 0.383000 0.082500 0.066000
2 0.671250 0.462000 0.070000 0.068000
2 0.733125 0.460000 0.043750 0.060000
3 0.774375 0.526000 0.051250 0.060000
3 0.854375 0.523000 0.053750 0.062000
3 0.694375 0.529000 0.096250 0.066000
3 0.595625 0.528000 0.093750 0.060000
3 0.812500 0.527000 0.015000 0.030000
4 0.841875 0.588000 0.071250 0.056000
4 0.616250 0.583000 0.035000 0.042000
4 0.728750 0.588000 0.035000 0.044000
5 0.277500 0.916000 0.082500 0.048000