0 0.690625 0.235000 0.063750 0.054000
0 0.568125 0.240000 0.038750 0.052000
0 0.623750 0.239000 0.062500 0.050000
1 0.807500 0.332000 0.085000 0.076000
1 0.598750 0.338000 0.147500 0.080000
1 0.720625 0.345000 0.078750 0.066000
2 0.672500 0.428000 0.070000 0.072000
2 0.736250 0.427000 0.047500 0.070000
3 0.860000 0.490000 0.060000 0.064000
3 0.778750 0.494000 0.055000 0.064000
3 0.693750 0.498000 0.102500 0.068000
3 0.588750 0.497000 0.092500 0.062000
3 0.817500 0.496000 0.015000 0.028000
4 0.846250 0.562000 0.067500 0.056000
4 0.730000 0.567000 0.035000 0.058000
4 0.611875 0.565000 0.033750 0.050000
5 0.277500 0.920000 0.085000 0.044000