0 0.638125 0.255000 0.071250 0.066000
0 0.710000 0.254000 0.072500 0.064000
0 0.576250 0.258000 0.052500 0.068000
1 0.601250 0.352000 0.155000 0.076000
1 0.824375 0.350000 0.113750 0.068000
1 0.724375 0.353000 0.086250 0.066000
2 0.680000 0.429000 0.102500 0.066000
2 0.754375 0.432000 0.038750 0.068000
3 0.842500 0.501000 0.120000 0.066000
3 0.613750 0.504000 0.097500 0.068000
3 0.719375 0.505000 0.108750 0.070000
4 0.609375 0.572000 0.038750 0.056000
4 0.726875 0.572000 0.041250 0.052000
4 0.845625 0.563000 0.071250 0.046000
5 0.306875 0.905000 0.093750 0.046000