0 0.682500 0.204000 0.077500 0.068000
1 0.616875 0.206000 0.056250 0.068000
1 0.761875 0.207000 0.076250 0.070000
1 0.763125 0.331000 0.126250 0.074000
1 0.660000 0.332000 0.080000 0.068000
1 0.863125 0.332000 0.063750 0.068000
2 0.740000 0.430000 0.080000 0.080000
2 0.811250 0.432000 0.052500 0.076000
3 0.663750 0.509000 0.110000 0.078000
3 0.841250 0.511000 0.085000 0.074000
3 0.758750 0.518000 0.070000 0.064000
3 0.926875 0.503000 0.073750 0.078000
3 0.941250 0.588000 0.080000 0.056000
4 0.668750 0.580000 0.040000 0.048000
4 0.806250 0.584000 0.045000 0.048000
5 0.268125 0.980000 0.093750 0.044000