0 0.647500 0.228000 0.072500 0.064000
0 0.586250 0.229000 0.052500 0.062000
0 0.718750 0.229000 0.070000 0.062000
1 0.718125 0.324000 0.081250 0.064000
1 0.622500 0.331000 0.120000 0.074000
1 0.806250 0.326000 0.090000 0.064000
2 0.686250 0.405000 0.107500 0.070000
2 0.760000 0.398000 0.035000 0.056000
3 0.628125 0.480000 0.093750 0.072000
3 0.798750 0.476000 0.102500 0.064000
3 0.710625 0.483000 0.066250 0.074000
3 0.873125 0.476000 0.041250 0.056000
4 0.613125 0.541000 0.041250 0.046000
4 0.850000 0.541000 0.070000 0.046000
4 0.732500 0.545000 0.037500 0.050000
5 0.296250 0.886000 0.095000 0.048000