0 0.571875 0.313000 0.038750 0.062000
0 0.691250 0.308000 0.065000 0.044000
0 0.625625 0.314000 0.053750 0.048000
1 0.593125 0.403000 0.043750 0.054000
1 0.754375 0.400000 0.098750 0.060000
1 0.659375 0.404000 0.081250 0.056000
2 0.681250 0.479000 0.090000 0.050000
2 0.750000 0.476000 0.035000 0.052000
3 0.796875 0.539000 0.023750 0.058000
3 0.667500 0.536000 0.097500 0.044000
3 0.752500 0.539000 0.065000 0.046000
4 0.727500 0.602000 0.020000 0.048000
4 0.621250 0.600000 0.045000 0.040000
4 0.838750 0.601000 0.072500 0.042000
5 0.278750 0.927000 0.090000 0.034000