0 0.609375 0.264000 0.063750 0.060000
0 0.672500 0.264000 0.062500 0.060000
0 0.555000 0.266000 0.045000 0.060000
1 0.533125 0.368000 0.146250 0.072000
1 0.731250 0.369000 0.080000 0.070000
1 0.649375 0.371000 0.083750 0.070000
1 0.828750 0.370000 0.112500 0.068000
2 0.652500 0.446000 0.075000 0.068000
2 0.716250 0.446000 0.042500 0.064000
3 0.643750 0.511000 0.092500 0.070000
3 0.729375 0.509000 0.068750 0.062000
3 0.776250 0.506000 0.035000 0.052000
4 0.601250 0.566000 0.045000 0.060000
4 0.818125 0.566000 0.073750 0.060000
4 0.709375 0.567000 0.038750 0.058000
5 0.263750 0.895000 0.082500 0.042000