0 0.680000 0.235000 0.070000 0.062000
0 0.611250 0.237000 0.067500 0.062000
0 0.555000 0.238000 0.047500 0.060000
1 0.748125 0.339000 0.113750 0.066000
1 0.649375 0.341000 0.081250 0.062000
1 0.577500 0.342000 0.060000 0.060000
2 0.658750 0.424000 0.080000 0.068000
2 0.726250 0.423000 0.045000 0.066000
3 0.653750 0.487000 0.097500 0.066000
3 0.740000 0.485000 0.070000 0.058000
3 0.793750 0.487000 0.022500 0.054000
4 0.832500 0.545000 0.077500 0.062000
4 0.720625 0.550000 0.036250 0.052000
4 0.608750 0.559000 0.040000 0.054000
5 0.255000 0.911000 0.085000 0.046000