0 0.629375 0.254000 0.068750 0.064000
0 0.571875 0.255000 0.048750 0.062000
0 0.696250 0.255000 0.067500 0.062000
1 0.621875 0.358000 0.106250 0.068000
1 0.715625 0.359000 0.078750 0.062000
1 0.784375 0.360000 0.058750 0.064000
2 0.673750 0.439000 0.077500 0.066000
2 0.740625 0.441000 0.043750 0.066000
3 0.670000 0.505000 0.097500 0.070000
3 0.753125 0.501000 0.066250 0.058000
3 0.803125 0.505000 0.028750 0.054000
4 0.736250 0.563000 0.037500 0.054000
4 0.841875 0.567000 0.071250 0.050000
4 0.629375 0.571000 0.038750 0.046000
5 0.273750 0.928000 0.087500 0.044000