0 0.569375 0.261000 0.048750 0.062000
0 0.625625 0.261000 0.066250 0.062000
0 0.690000 0.261000 0.065000 0.062000
1 0.759375 0.366000 0.083750 0.072000
1 0.607500 0.365000 0.070000 0.066000
1 0.677500 0.363000 0.077500 0.062000
2 0.676875 0.445000 0.098750 0.070000
2 0.748750 0.441000 0.037500 0.054000
3 0.861875 0.503000 0.061250 0.066000
3 0.777500 0.508000 0.057500 0.060000
3 0.693125 0.509000 0.098750 0.062000
3 0.594375 0.509000 0.093750 0.058000
3 0.815625 0.510000 0.013750 0.028000
4 0.841250 0.567000 0.075000 0.062000
4 0.727500 0.567000 0.037500 0.054000
4 0.614375 0.569000 0.041250 0.058000
5 0.275000 0.907000 0.085000 0.042000