0 0.560000 0.230000 0.047500 0.060000
0 0.616875 0.231000 0.066250 0.062000
0 0.682500 0.232000 0.067500 0.064000
1 0.636875 0.334000 0.136250 0.072000
1 0.776250 0.335000 0.137500 0.074000
1 0.545000 0.333000 0.057500 0.066000
2 0.661875 0.416000 0.076250 0.068000
2 0.726250 0.415000 0.045000 0.066000
3 0.561875 0.473000 0.061250 0.062000
3 0.756875 0.473000 0.083750 0.062000
3 0.641250 0.477000 0.090000 0.066000
3 0.837500 0.478000 0.077500 0.064000
3 0.701250 0.484000 0.020000 0.040000
4 0.721875 0.538000 0.043750 0.060000
4 0.601250 0.538000 0.040000 0.056000
4 0.838125 0.540000 0.071250 0.060000
5 0.255625 0.876000 0.081250 0.044000