0 0.556250 0.241000 0.050000 0.062000
0 0.614375 0.240000 0.068750 0.060000
0 0.681250 0.240000 0.067500 0.060000
1 0.554375 0.345000 0.053750 0.062000
1 0.635625 0.346000 0.108750 0.064000
1 0.760625 0.348000 0.138750 0.068000
2 0.665625 0.430000 0.131250 0.072000
2 0.755000 0.424000 0.037500 0.056000
3 0.642500 0.491000 0.097500 0.070000
3 0.805625 0.490000 0.023750 0.060000
3 0.739375 0.493000 0.093750 0.062000
4 0.598750 0.553000 0.040000 0.058000
4 0.718125 0.557000 0.041250 0.058000
4 0.835000 0.557000 0.075000 0.058000
5 0.249375 0.895000 0.086250 0.046000