0 0.615000 0.233000 0.067500 0.062000
0 0.681875 0.233000 0.066250 0.062000
0 0.558750 0.235000 0.047500 0.062000
1 0.795000 0.337000 0.132500 0.086000
1 0.548750 0.339000 0.105000 0.066000
1 0.666875 0.341000 0.128750 0.066000
2 0.662500 0.423000 0.075000 0.070000
2 0.726875 0.423000 0.043750 0.066000
3 0.657500 0.484000 0.095000 0.068000
3 0.741875 0.485000 0.071250 0.058000
3 0.788750 0.484000 0.035000 0.052000
4 0.826875 0.545000 0.073750 0.058000
4 0.612500 0.545000 0.040000 0.054000
4 0.722500 0.549000 0.037500 0.054000
5 0.252500 0.906000 0.090000 0.052000