0 0.721250 0.256000 0.075000 0.064000
0 0.579375 0.259000 0.053750 0.066000
0 0.645000 0.258000 0.075000 0.064000
1 0.630625 0.354000 0.113750 0.072000
1 0.733750 0.359000 0.085000 0.066000
1 0.813125 0.362000 0.076250 0.072000
2 0.685625 0.444000 0.081250 0.072000
2 0.752500 0.443000 0.047500 0.066000
3 0.836875 0.511000 0.033750 0.066000
3 0.689375 0.522000 0.101250 0.072000
3 0.780625 0.519000 0.073750 0.062000
4 0.865000 0.576000 0.077500 0.064000
4 0.612500 0.584000 0.042500 0.056000
4 0.734375 0.584000 0.043750 0.056000
5 0.278750 0.969000 0.100000 0.050000