0 0.556875 0.222000 0.048750 0.060000
0 0.614375 0.223000 0.068750 0.062000
0 0.682500 0.222000 0.070000 0.060000
1 0.575625 0.312000 0.103750 0.064000
1 0.678750 0.314000 0.102500 0.064000
1 0.773750 0.314000 0.087500 0.064000
2 0.652500 0.390000 0.075000 0.072000
2 0.715000 0.389000 0.045000 0.066000
3 0.673750 0.466000 0.105000 0.076000
3 0.762500 0.463000 0.065000 0.070000
3 0.838750 0.467000 0.090000 0.078000
3 0.571250 0.463000 0.097500 0.066000
4 0.703750 0.518000 0.042500 0.056000
4 0.818125 0.517000 0.068750 0.054000
4 0.589375 0.519000 0.041250 0.050000
5 0.278125 0.885000 0.096250 0.046000