0 0.536250 0.222000 0.042500 0.056000
0 0.585625 0.225000 0.058750 0.058000
0 0.644375 0.224000 0.061250 0.056000
1 0.564375 0.316000 0.136250 0.064000
1 0.679375 0.318000 0.086250 0.060000
1 0.757500 0.319000 0.075000 0.062000
2 0.636875 0.387000 0.088750 0.058000
2 0.702500 0.388000 0.035000 0.052000
3 0.620000 0.452000 0.087500 0.064000
3 0.711250 0.453000 0.087500 0.062000
2 0.771250 0.450000 0.030000 0.052000
4 0.692500 0.512000 0.040000 0.056000
4 0.800000 0.520000 0.067500 0.064000
4 0.586250 0.521000 0.040000 0.050000
5 0.241875 0.865000 0.086250 0.046000