0 0.636250 0.238000 0.077500 0.076000
0 0.710625 0.235000 0.073750 0.066000
0 0.572500 0.238000 0.045000 0.064000
1 0.609375 0.329000 0.163750 0.070000
1 0.732500 0.335000 0.080000 0.070000
1 0.821250 0.331000 0.092500 0.062000
2 0.676875 0.403000 0.098750 0.074000
2 0.751250 0.409000 0.047500 0.062000
3 0.718750 0.486000 0.107500 0.068000
3 0.837500 0.483000 0.125000 0.062000
3 0.608750 0.486000 0.102500 0.064000
4 0.841250 0.542000 0.077500 0.056000
4 0.724375 0.552000 0.041250 0.060000
4 0.603750 0.552000 0.037500 0.056000
5 0.278750 0.902000 0.102500 0.060000