0 0.558750 0.230000 0.047500 0.060000
0 0.615625 0.232000 0.066250 0.060000
0 0.680625 0.234000 0.066250 0.064000
1 0.745000 0.344000 0.107500 0.076000
1 0.585625 0.340000 0.056250 0.064000
1 0.652500 0.340000 0.077500 0.064000
2 0.663750 0.421000 0.100000 0.058000
2 0.738750 0.421000 0.037500 0.054000
3 0.643125 0.488000 0.098750 0.064000
3 0.738750 0.488000 0.090000 0.064000
3 0.801875 0.487000 0.031250 0.058000
4 0.718125 0.560000 0.041250 0.060000
4 0.836250 0.551000 0.075000 0.062000
4 0.597500 0.551000 0.040000 0.058000
5 0.246250 0.909000 0.085000 0.050000