0 0.631250 0.227000 0.070000 0.062000
0 0.701250 0.227000 0.070000 0.062000
0 0.572500 0.228000 0.047500 0.060000
1 0.806875 0.330000 0.086250 0.068000
1 0.610625 0.335000 0.136250 0.074000
1 0.720625 0.331000 0.083750 0.066000
2 0.674375 0.418000 0.093750 0.076000
2 0.747500 0.418000 0.045000 0.068000
3 0.675000 0.484000 0.102500 0.068000
3 0.759375 0.478000 0.066250 0.056000
3 0.812500 0.478000 0.035000 0.052000
3 0.855625 0.542000 0.073750 0.064000
4 0.628750 0.545000 0.045000 0.062000
4 0.740625 0.548000 0.028750 0.056000
5 0.263750 0.907000 0.087500 0.042000