0 0.651875 0.204000 0.068750 0.060000
0 0.721875 0.204000 0.068750 0.060000
0 0.591250 0.204000 0.052500 0.056000
1 0.685625 0.295000 0.078750 0.066000
1 0.615000 0.298000 0.060000 0.068000
1 0.781875 0.296000 0.108750 0.064000
2 0.686250 0.377000 0.080000 0.070000
2 0.750625 0.374000 0.046250 0.064000
3 0.595625 0.443000 0.086250 0.058000
3 0.693125 0.450000 0.103750 0.072000
3 0.795625 0.451000 0.096250 0.074000
3 0.886875 0.446000 0.078750 0.060000
4 0.625625 0.508000 0.038750 0.052000
4 0.846250 0.511000 0.072500 0.046000
4 0.737500 0.513000 0.022500 0.046000
5 0.306250 0.854000 0.095000 0.044000