0 0.571250 0.218000 0.050000 0.060000
0 0.631250 0.218000 0.070000 0.060000
0 0.701250 0.219000 0.072500 0.062000
1 0.786250 0.309000 0.120000 0.066000
1 0.564375 0.310000 0.058750 0.064000
1 0.658750 0.315000 0.127500 0.074000
2 0.665000 0.384000 0.077500 0.072000
2 0.729375 0.386000 0.046250 0.068000
3 0.711250 0.458000 0.105000 0.072000
3 0.606875 0.456000 0.096250 0.064000
3 0.833125 0.458000 0.113750 0.068000
4 0.823750 0.511000 0.070000 0.054000
4 0.720625 0.514000 0.033750 0.044000
4 0.615625 0.516000 0.038750 0.056000
5 0.290625 0.866000 0.098750 0.060000