0 0.566250 0.237000 0.052500 0.062000
0 0.628750 0.231000 0.072500 0.066000
0 0.701250 0.232000 0.072500 0.064000
1 0.663750 0.334000 0.057500 0.068000
1 0.749375 0.339000 0.113750 0.070000
1 0.602500 0.340000 0.060000 0.068000
2 0.665625 0.410000 0.101250 0.060000
2 0.741250 0.415000 0.040000 0.070000
3 0.644375 0.485000 0.043750 0.058000
3 0.554375 0.490000 0.128750 0.064000
3 0.710000 0.494000 0.087500 0.068000
3 0.790000 0.493000 0.070000 0.066000
3 0.874375 0.491000 0.091250 0.062000
3 0.938750 0.490000 0.037500 0.052000
4 0.828750 0.549000 0.070000 0.058000
4 0.710625 0.549000 0.041250 0.054000
4 0.591250 0.551000 0.037500 0.054000
5 0.279375 0.894000 0.091250 0.044000