0 0.585000 0.273000 0.062500 0.058000
0 0.646875 0.273000 0.063750 0.058000
0 0.530000 0.279000 0.045000 0.058000
1 0.760625 0.360000 0.106250 0.064000
1 0.646250 0.364000 0.117500 0.060000
1 0.533750 0.371000 0.102500 0.070000
2 0.719375 0.429000 0.036250 0.054000
2 0.638750 0.441000 0.120000 0.054000
3 0.755625 0.492000 0.026250 0.044000
3 0.706875 0.497000 0.066250 0.050000
3 0.624375 0.499000 0.091250 0.050000
4 0.793125 0.549000 0.066250 0.046000
4 0.686875 0.553000 0.023750 0.042000
4 0.585000 0.558000 0.030000 0.040000
5 0.252500 0.871000 0.082500 0.046000