1 0.569375 0.333000 0.063750 0.066000
1 0.512500 0.333000 0.047500 0.062000
1 0.632500 0.336000 0.062500 0.064000
1 0.497500 0.417000 0.057500 0.062000
2 0.585625 0.419000 0.116250 0.066000
1 0.704375 0.421000 0.118750 0.066000
3 0.601875 0.482000 0.088750 0.056000
2 0.666250 0.484000 0.037500 0.052000
4 0.598125 0.551000 0.083750 0.070000
4 0.673750 0.555000 0.060000 0.062000
3 0.723750 0.557000 0.032500 0.058000
4 0.745000 0.606000 0.057500 0.052000
4 0.644375 0.603000 0.036250 0.046000
4 0.540000 0.605000 0.030000 0.046000
5 0.252500 0.901000 0.080000 0.042000