0 0.576250 0.218000 0.050000 0.064000
0 0.635000 0.219000 0.067500 0.062000
0 0.703750 0.219000 0.070000 0.062000
1 0.653750 0.315000 0.107500 0.070000
1 0.773125 0.315000 0.133750 0.070000
1 0.569375 0.316000 0.058750 0.064000
2 0.673750 0.387000 0.095000 0.058000
2 0.743125 0.388000 0.038750 0.056000
3 0.671250 0.464000 0.095000 0.072000
3 0.754375 0.461000 0.066250 0.062000
2 0.800625 0.463000 0.033750 0.054000
4 0.609375 0.521000 0.043750 0.058000
4 0.832500 0.521000 0.075000 0.058000
4 0.720625 0.523000 0.041250 0.058000
5 0.297500 0.873000 0.095000 0.046000