0 0.568750 0.246000 0.047500 0.060000
0 0.626250 0.246000 0.070000 0.060000
0 0.693125 0.245000 0.068750 0.058000
1 0.765000 0.346000 0.132500 0.068000
1 0.657500 0.347000 0.080000 0.066000
1 0.584375 0.357000 0.073750 0.082000
2 0.671250 0.426000 0.077500 0.068000
2 0.738750 0.426000 0.045000 0.068000
3 0.665625 0.486000 0.096250 0.068000
2 0.801875 0.482000 0.036250 0.052000
3 0.753750 0.492000 0.070000 0.056000
4 0.838750 0.543000 0.077500 0.062000
4 0.620000 0.544000 0.040000 0.060000
4 0.729375 0.546000 0.036250 0.052000
5 0.267500 0.879000 0.085000 0.042000