0 0.560000 0.251000 0.047500 0.062000
0 0.616250 0.252000 0.067500 0.064000
0 0.683750 0.251000 0.067500 0.062000
1 0.816875 0.357000 0.163750 0.078000
1 0.548125 0.356000 0.158750 0.068000
1 0.678750 0.355000 0.110000 0.066000
2 0.668125 0.431000 0.098750 0.058000
2 0.740000 0.432000 0.037500 0.056000
3 0.578125 0.499000 0.096250 0.062000
3 0.683125 0.504000 0.106250 0.072000
3 0.769375 0.497000 0.058750 0.058000
3 0.858125 0.503000 0.053750 0.070000
3 0.813125 0.508000 0.016250 0.040000
4 0.719375 0.563000 0.041250 0.062000
4 0.836875 0.562000 0.076250 0.060000
4 0.597500 0.562000 0.035000 0.052000
5 0.253125 0.908000 0.091250 0.040000