0 0.615000 0.240000 0.067500 0.060000
0 0.681250 0.240000 0.065000 0.060000
0 0.560000 0.241000 0.045000 0.058000
1 0.764375 0.342000 0.058750 0.064000
1 0.686875 0.344000 0.096250 0.064000
1 0.600625 0.347000 0.081250 0.066000
2 0.661250 0.426000 0.072500 0.072000
2 0.723750 0.425000 0.045000 0.066000
3 0.798750 0.485000 0.107500 0.066000
3 0.703125 0.487000 0.076250 0.066000
3 0.634375 0.487000 0.056250 0.062000
3 0.576875 0.487000 0.056250 0.058000
4 0.818750 0.543000 0.070000 0.058000
4 0.613125 0.546000 0.041250 0.056000
4 0.715000 0.546000 0.030000 0.056000
5 0.270625 0.888000 0.086250 0.044000