0 0.628125 0.230000 0.073750 0.064000
0 0.702500 0.229000 0.072500 0.062000
0 0.565625 0.231000 0.051250 0.062000
1 0.662500 0.325000 0.087500 0.070000
1 0.769375 0.323000 0.123750 0.066000
1 0.585000 0.319000 0.067500 0.074000
2 0.671250 0.393000 0.097500 0.058000
2 0.745000 0.395000 0.040000 0.058000
3 0.600000 0.470000 0.102500 0.064000
3 0.709375 0.474000 0.111250 0.072000
3 0.833125 0.469000 0.128750 0.062000
4 0.827500 0.525000 0.075000 0.054000
4 0.606875 0.535000 0.041250 0.050000
4 0.720000 0.534000 0.032500 0.044000
5 0.283125 0.860000 0.088750 0.044000