0 0.616875 0.249000 0.063750 0.062000
0 0.559375 0.251000 0.041250 0.062000
0 0.683750 0.255000 0.060000 0.066000
1 0.553125 0.349000 0.163750 0.078000
1 0.682500 0.351000 0.080000 0.070000
1 0.806875 0.354000 0.156250 0.076000
2 0.668750 0.440000 0.105000 0.064000
2 0.747500 0.439000 0.037500 0.062000
3 0.798750 0.505000 0.025000 0.058000
3 0.659375 0.509000 0.098750 0.058000
3 0.745000 0.513000 0.067500 0.058000
4 0.839375 0.572000 0.088750 0.056000
4 0.613750 0.573000 0.035000 0.054000
4 0.723750 0.576000 0.017500 0.048000
5 0.256250 0.925000 0.095000 0.054000