0 0.561875 0.243000 0.046250 0.058000
0 0.615625 0.244000 0.066250 0.060000
0 0.680625 0.243000 0.066250 0.058000
1 0.583750 0.343000 0.072500 0.066000
1 0.744375 0.347000 0.128750 0.074000
1 0.649375 0.348000 0.061250 0.072000
2 0.663750 0.418000 0.105000 0.060000
2 0.737500 0.417000 0.040000 0.058000
3 0.655625 0.482000 0.096250 0.064000
3 0.738750 0.482000 0.070000 0.060000
2 0.788125 0.483000 0.033750 0.054000
4 0.604375 0.547000 0.036250 0.054000
4 0.835000 0.546000 0.072500 0.052000
4 0.718750 0.549000 0.037500 0.050000
5 0.257500 0.879000 0.077500 0.042000