0 0.558750 0.235000 0.047500 0.062000
0 0.616875 0.236000 0.068750 0.060000
0 0.685625 0.238000 0.068750 0.064000
1 0.595625 0.353000 0.116250 0.074000
1 0.697500 0.349000 0.087500 0.066000
1 0.784375 0.349000 0.083750 0.066000
2 0.760000 0.434000 0.040000 0.072000
2 0.668750 0.435000 0.132500 0.070000
3 0.600000 0.502000 0.095000 0.072000
3 0.741250 0.507000 0.052500 0.074000
3 0.680000 0.505000 0.062500 0.066000
3 0.820625 0.509000 0.093750 0.074000
4 0.600625 0.574000 0.041250 0.056000
4 0.720625 0.581000 0.038750 0.058000
4 0.843125 0.576000 0.076250 0.060000
5 0.246250 0.918000 0.087500 0.052000