0 0.613125 0.268000 0.066250 0.060000
0 0.680625 0.267000 0.068750 0.058000
0 0.553750 0.269000 0.050000 0.058000
1 0.790625 0.353000 0.108750 0.066000
1 0.579375 0.357000 0.151250 0.070000
1 0.694375 0.355000 0.078750 0.066000
2 0.651875 0.422000 0.093750 0.056000
2 0.722500 0.423000 0.037500 0.054000
3 0.652500 0.492000 0.092500 0.068000
3 0.736250 0.493000 0.070000 0.062000
3 0.790000 0.491000 0.027500 0.058000
4 0.805625 0.543000 0.068750 0.058000
4 0.590625 0.547000 0.038750 0.054000
4 0.698125 0.550000 0.028750 0.056000
5 0.272500 0.882000 0.095000 0.044000