0 0.631250 0.262000 0.070000 0.064000
0 0.700000 0.262000 0.070000 0.064000
0 0.573750 0.263000 0.047500 0.062000
1 0.578750 0.364000 0.160000 0.072000
1 0.849375 0.363000 0.086250 0.066000
1 0.703125 0.366000 0.083750 0.068000
1 0.776875 0.365000 0.061250 0.066000
2 0.678750 0.448000 0.080000 0.072000
2 0.745625 0.447000 0.046250 0.070000
3 0.759375 0.509000 0.068750 0.058000
3 0.808750 0.507000 0.035000 0.054000
3 0.674375 0.517000 0.101250 0.058000
4 0.846875 0.571000 0.081250 0.062000
4 0.738125 0.582000 0.036250 0.052000
4 0.623750 0.583000 0.035000 0.050000
5 0.270625 0.912000 0.088750 0.044000