0 0.570000 0.250000 0.047500 0.060000
0 0.627500 0.251000 0.070000 0.062000
0 0.696250 0.250000 0.070000 0.060000
1 0.732500 0.352000 0.162500 0.080000
1 0.856875 0.349000 0.088750 0.066000
1 0.569375 0.351000 0.158750 0.066000
2 0.674375 0.428000 0.076250 0.064000
2 0.741250 0.429000 0.047500 0.066000
3 0.645000 0.487000 0.085000 0.062000
3 0.736250 0.489000 0.092500 0.066000
3 0.811250 0.486000 0.050000 0.060000
3 0.854375 0.547000 0.081250 0.062000
4 0.731875 0.548000 0.041250 0.056000
4 0.608125 0.550000 0.038750 0.056000
5 0.266250 0.871000 0.085000 0.042000