5 0.675000 0.297000 0.065000 0.058000
5 0.608125 0.302000 0.063750 0.060000
5 0.551250 0.301000 0.047500 0.058000
1 0.675000 0.396000 0.067500 0.068000
1 0.765625 0.396000 0.093750 0.060000
1 0.583750 0.405000 0.102500 0.066000
2 0.745000 0.474000 0.040000 0.052000
3 0.662500 0.480000 0.117500 0.060000
2 0.671875 0.533000 0.101250 0.066000
3 0.833750 0.534000 0.082500 0.068000
3 0.566250 0.538000 0.097500 0.072000
3 0.756250 0.535000 0.060000 0.066000
4 0.824375 0.594000 0.091250 0.044000
4 0.705000 0.594000 0.022500 0.040000
4 0.598125 0.605000 0.041250 0.054000
5 0.257500 0.915000 0.087500 0.034000