0 0.616250 0.250000 0.057500 0.064000
0 0.677500 0.250000 0.067500 0.060000
0 0.561250 0.255000 0.047500 0.058000
1 0.788750 0.347000 0.080000 0.062000
1 0.683750 0.353000 0.120000 0.070000
1 0.570000 0.356000 0.097500 0.064000
2 0.736250 0.428000 0.045000 0.068000
2 0.664375 0.425000 0.098750 0.058000
3 0.784375 0.485000 0.021250 0.054000
3 0.656875 0.500000 0.091250 0.052000
3 0.736250 0.491000 0.065000 0.058000
4 0.821875 0.546000 0.071250 0.060000
4 0.613125 0.557000 0.041250 0.058000
4 0.716875 0.561000 0.031250 0.058000
5 0.280000 0.919000 0.092500 0.050000