0 0.688750 0.215000 0.070000 0.062000
0 0.560625 0.216000 0.051250 0.060000
0 0.618750 0.218000 0.067500 0.064000
1 0.775625 0.310000 0.131250 0.068000
1 0.574375 0.317000 0.108750 0.074000
1 0.670000 0.311000 0.080000 0.062000
2 0.662500 0.390000 0.105000 0.072000
2 0.736250 0.384000 0.042500 0.060000
3 0.748750 0.460000 0.070000 0.064000
3 0.800000 0.460000 0.025000 0.060000
3 0.666875 0.465000 0.098750 0.058000
4 0.819375 0.518000 0.071250 0.048000
4 0.708750 0.526000 0.022500 0.048000
4 0.603125 0.523000 0.041250 0.050000
5 0.276250 0.884000 0.097500 0.048000