0 0.554375 0.260000 0.046250 0.060000
0 0.608750 0.262000 0.065000 0.060000
0 0.671875 0.264000 0.063750 0.060000
1 0.573125 0.359000 0.068750 0.066000
1 0.737500 0.360000 0.120000 0.068000
1 0.640000 0.359000 0.070000 0.062000
2 0.656250 0.430000 0.095000 0.068000
2 0.726875 0.427000 0.036250 0.054000
3 0.520625 0.488000 0.071250 0.068000
3 0.595625 0.493000 0.068750 0.062000
3 0.655625 0.496000 0.046250 0.064000
3 0.723125 0.496000 0.081250 0.064000
3 0.810625 0.496000 0.083750 0.068000
3 0.877500 0.499000 0.047500 0.058000
4 0.602500 0.555000 0.042500 0.054000
4 0.703125 0.556000 0.028750 0.048000
4 0.810625 0.559000 0.066250 0.054000
5 0.259375 0.857000 0.078750 0.042000