1 0.719375 0.272000 0.068750 0.064000
1 0.653125 0.275000 0.068750 0.062000
1 0.595625 0.277000 0.051250 0.062000
1 0.786875 0.380000 0.091250 0.084000
1 0.631250 0.379000 0.062500 0.066000
1 0.700000 0.379000 0.080000 0.066000
2 0.779375 0.449000 0.036250 0.054000
2 0.707500 0.454000 0.097500 0.056000
3 0.696250 0.521000 0.092500 0.066000
3 0.783125 0.516000 0.068750 0.056000
3 0.830625 0.515000 0.036250 0.054000
4 0.880625 0.576000 0.073750 0.060000
4 0.760625 0.585000 0.038750 0.054000
4 0.645000 0.589000 0.037500 0.054000
5 0.305625 0.957000 0.091250 0.046000