0 0.586875 0.244000 0.053750 0.060000
0 0.650000 0.244000 0.072500 0.060000
0 0.721250 0.245000 0.072500 0.062000
1 0.810625 0.339000 0.156250 0.078000
1 0.703750 0.347000 0.055000 0.062000
1 0.606875 0.351000 0.138750 0.066000
2 0.691875 0.433000 0.138750 0.066000
2 0.786250 0.430000 0.037500 0.056000
3 0.693125 0.502000 0.093750 0.060000
3 0.777500 0.503000 0.065000 0.058000
3 0.828750 0.506000 0.027500 0.052000
4 0.847500 0.565000 0.070000 0.046000
4 0.626875 0.565000 0.033750 0.046000
4 0.736875 0.568000 0.023750 0.044000
5 0.296250 0.916000 0.097500 0.048000