0 0.541875 0.228000 0.051250 0.060000
0 0.601875 0.229000 0.071250 0.062000
0 0.670625 0.232000 0.068750 0.064000
1 0.565000 0.331000 0.122500 0.070000
1 0.667500 0.343000 0.087500 0.066000
1 0.770000 0.347000 0.117500 0.070000
2 0.653750 0.429000 0.132500 0.070000
2 0.747500 0.430000 0.040000 0.060000
3 0.640000 0.493000 0.100000 0.066000
3 0.729375 0.493000 0.071250 0.062000
3 0.784375 0.498000 0.028750 0.068000
4 0.708125 0.562000 0.036250 0.056000
4 0.593750 0.564000 0.040000 0.056000
4 0.821250 0.572000 0.077500 0.048000
5 0.212500 0.907000 0.095000 0.050000