0 0.573750 0.284000 0.050000 0.064000
0 0.700000 0.284000 0.067500 0.064000
0 0.632500 0.285000 0.067500 0.062000
1 0.570000 0.369000 0.085000 0.066000
1 0.780625 0.375000 0.126250 0.074000
2 0.663125 0.372000 0.098750 0.068000
2 0.670000 0.433000 0.095000 0.054000
2 0.737500 0.432000 0.037500 0.052000
3 0.583125 0.505000 0.093750 0.062000
3 0.682500 0.512000 0.100000 0.072000
3 0.764375 0.505000 0.058750 0.054000
3 0.840625 0.514000 0.083750 0.064000
4 0.813750 0.574000 0.070000 0.056000
4 0.606875 0.568000 0.038750 0.052000
4 0.709375 0.570000 0.026250 0.044000
5 0.303125 0.872000 0.088750 0.044000