0 0.600000 0.249000 0.052500 0.062000
0 0.658750 0.248000 0.070000 0.060000
0 0.730000 0.248000 0.070000 0.060000
1 0.614375 0.340000 0.153750 0.072000
1 0.860625 0.340000 0.086250 0.064000
1 0.754375 0.344000 0.126250 0.068000
2 0.700625 0.413000 0.103750 0.062000
2 0.769375 0.411000 0.038750 0.054000
3 0.781875 0.487000 0.068750 0.062000
3 0.700625 0.490000 0.091250 0.064000
3 0.833750 0.486000 0.030000 0.052000
4 0.848125 0.542000 0.068750 0.060000
4 0.638125 0.550000 0.038750 0.052000
4 0.744375 0.552000 0.026250 0.040000
5 0.315000 0.892000 0.097500 0.044000