0 0.629375 0.286000 0.071250 0.064000
1 0.701250 0.287000 0.072500 0.066000
1 0.567500 0.288000 0.052500 0.064000
1 0.735625 0.389000 0.071250 0.070000
1 0.621250 0.389000 0.155000 0.066000
1 0.806250 0.388000 0.070000 0.064000
2 0.670625 0.461000 0.098750 0.058000
2 0.742500 0.463000 0.037500 0.054000
3 0.668750 0.543000 0.097500 0.070000
3 0.757500 0.541000 0.072500 0.058000
3 0.811250 0.541000 0.032500 0.058000
4 0.608125 0.603000 0.043750 0.062000
4 0.826250 0.603000 0.072500 0.058000
4 0.716875 0.605000 0.031250 0.058000
5 0.285000 0.948000 0.095000 0.048000