0 0.681250 0.214000 0.067500 0.064000
0 0.614375 0.216000 0.066250 0.064000
0 0.557500 0.216000 0.050000 0.060000
1 0.749375 0.322000 0.113750 0.068000
1 0.650000 0.322000 0.082500 0.064000
1 0.580000 0.324000 0.060000 0.064000
2 0.665625 0.406000 0.063750 0.068000
2 0.720625 0.400000 0.036250 0.056000
3 0.895000 0.465000 0.062500 0.066000
3 0.803125 0.471000 0.116250 0.066000
3 0.531875 0.473000 0.091250 0.066000
3 0.694375 0.476000 0.093750 0.072000
3 0.611875 0.473000 0.061250 0.062000
4 0.835000 0.531000 0.072500 0.058000
4 0.603125 0.534000 0.043750 0.060000
4 0.719375 0.533000 0.041250 0.058000
5 0.248125 0.890000 0.086250 0.044000