0 0.586250 0.238000 0.070000 0.064000
0 0.656875 0.238000 0.071250 0.064000
1 0.526250 0.238000 0.052500 0.064000
1 0.552500 0.355000 0.067500 0.066000
1 0.625625 0.357000 0.088750 0.066000
1 0.728750 0.359000 0.115000 0.070000
2 0.702500 0.448000 0.047500 0.068000
2 0.635000 0.450000 0.080000 0.068000
3 0.627500 0.519000 0.100000 0.062000
3 0.717500 0.519000 0.072500 0.062000
3 0.772500 0.522000 0.025000 0.060000
4 0.570625 0.595000 0.046250 0.062000
4 0.693750 0.596000 0.040000 0.056000
4 0.820625 0.596000 0.071250 0.052000
5 0.196250 0.958000 0.090000 0.048000