0 0.726875 0.246000 0.071250 0.060000
0 0.656250 0.249000 0.070000 0.062000
0 0.596250 0.250000 0.052500 0.060000
1 0.853750 0.350000 0.102500 0.068000
1 0.606250 0.353000 0.155000 0.074000
1 0.741875 0.351000 0.118750 0.070000
2 0.695000 0.423000 0.102500 0.062000
2 0.766250 0.423000 0.037500 0.054000
3 0.806250 0.500000 0.105000 0.068000
3 0.637500 0.504000 0.092500 0.072000
3 0.717500 0.506000 0.062500 0.072000
3 0.876875 0.498000 0.041250 0.056000
4 0.844375 0.556000 0.073750 0.056000
4 0.740625 0.565000 0.023750 0.050000
4 0.634375 0.569000 0.036250 0.054000
5 0.317500 0.913000 0.092500 0.046000