0 0.611875 0.242000 0.063750 0.060000
0 0.675000 0.242000 0.065000 0.060000
0 0.559375 0.243000 0.046250 0.058000
1 0.650625 0.341000 0.146250 0.074000
1 0.537500 0.342000 0.082500 0.068000
1 0.789375 0.341000 0.123750 0.066000
2 0.662500 0.420000 0.120000 0.068000
2 0.745625 0.413000 0.036250 0.054000
3 0.803125 0.477000 0.096250 0.062000
3 0.874375 0.477000 0.041250 0.058000
3 0.567500 0.481000 0.110000 0.062000
3 0.650000 0.484000 0.037500 0.052000
3 0.711875 0.487000 0.073750 0.054000
4 0.601875 0.538000 0.041250 0.056000
4 0.711875 0.538000 0.041250 0.056000
4 0.823750 0.538000 0.070000 0.056000
5 0.275625 0.871000 0.083750 0.042000