0 0.567500 0.263000 0.047500 0.062000
0 0.625625 0.264000 0.066250 0.060000
0 0.691875 0.265000 0.068750 0.062000
1 0.593125 0.368000 0.056250 0.064000
1 0.673125 0.370000 0.106250 0.068000
1 0.771250 0.369000 0.087500 0.066000
2 0.676875 0.443000 0.098750 0.058000
2 0.750000 0.442000 0.037500 0.056000
3 0.664375 0.512000 0.096250 0.068000
3 0.751250 0.509000 0.070000 0.058000
3 0.801250 0.509000 0.035000 0.050000
4 0.838750 0.570000 0.077500 0.060000
4 0.620625 0.570000 0.038750 0.056000
4 0.729375 0.572000 0.036250 0.052000
5 0.265000 0.912000 0.087500 0.044000