0 0.585625 0.268000 0.051250 0.064000
0 0.646250 0.269000 0.070000 0.062000
0 0.715625 0.270000 0.068750 0.060000
1 0.710000 0.359000 0.077500 0.066000
1 0.796250 0.358000 0.090000 0.064000
1 0.614375 0.363000 0.111250 0.074000
2 0.683125 0.429000 0.101250 0.070000
2 0.756250 0.424000 0.037500 0.052000
3 0.676875 0.503000 0.096250 0.070000
3 0.760625 0.502000 0.063750 0.060000
3 0.810000 0.500000 0.022500 0.048000
4 0.831875 0.557000 0.071250 0.058000
4 0.619375 0.558000 0.038750 0.056000
4 0.728750 0.559000 0.040000 0.054000
5 0.301250 0.897000 0.097500 0.046000