0 0.628750 0.251000 0.077500 0.066000
0 0.562500 0.251000 0.052500 0.062000
0 0.703750 0.251000 0.072500 0.062000
1 0.783750 0.353000 0.095000 0.070000
1 0.588750 0.353000 0.052500 0.062000
1 0.675625 0.363000 0.116250 0.082000
2 0.662500 0.436000 0.085000 0.068000
2 0.738125 0.442000 0.048750 0.068000
3 0.658750 0.514000 0.102500 0.064000
3 0.763750 0.516000 0.097500 0.068000
3 0.831875 0.519000 0.036250 0.054000
4 0.838125 0.584000 0.073750 0.056000
4 0.601875 0.581000 0.041250 0.050000
4 0.722500 0.581000 0.032500 0.046000
5 0.252500 0.939000 0.095000 0.050000