0 0.618125 0.240000 0.066250 0.060000
0 0.561875 0.242000 0.046250 0.060000
0 0.683750 0.242000 0.067500 0.060000
1 0.594375 0.342000 0.153750 0.072000
1 0.715625 0.348000 0.088750 0.064000
1 0.804375 0.348000 0.091250 0.064000
2 0.663125 0.424000 0.093750 0.072000
2 0.731875 0.424000 0.043750 0.064000
3 0.580000 0.486000 0.097500 0.056000
3 0.683125 0.494000 0.106250 0.072000
3 0.770000 0.485000 0.067500 0.058000
3 0.848750 0.493000 0.087500 0.070000
4 0.616875 0.544000 0.041250 0.056000
4 0.725625 0.558000 0.026250 0.048000
4 0.836250 0.556000 0.072500 0.048000
5 0.253750 0.895000 0.082500 0.042000