0 0.688750 0.285000 0.062500 0.058000
0 0.561875 0.291000 0.043750 0.058000
0 0.621250 0.291000 0.062500 0.058000
1 0.686875 0.384000 0.101250 0.072000
1 0.590625 0.387000 0.081250 0.070000
1 0.783750 0.393000 0.082500 0.058000
2 0.670625 0.476000 0.101250 0.064000
2 0.749375 0.472000 0.043750 0.056000
3 0.746875 0.539000 0.066250 0.058000
3 0.799375 0.539000 0.026250 0.058000
3 0.661875 0.545000 0.091250 0.054000
4 0.844375 0.604000 0.068750 0.048000
4 0.608125 0.608000 0.036250 0.052000
4 0.726875 0.608000 0.033750 0.052000
5 0.272500 0.951000 0.082500 0.046000