0 0.629375 0.228000 0.068750 0.064000
0 0.696875 0.226000 0.068750 0.060000
0 0.573125 0.228000 0.048750 0.060000
1 0.596875 0.331000 0.158750 0.070000
1 0.816250 0.330000 0.107500 0.068000
1 0.719375 0.332000 0.083750 0.064000
2 0.679375 0.419000 0.071250 0.070000
2 0.742500 0.417000 0.045000 0.066000
3 0.671250 0.484000 0.097500 0.068000
3 0.808125 0.479000 0.033750 0.054000
3 0.759375 0.482000 0.071250 0.056000
4 0.856875 0.541000 0.076250 0.062000
4 0.738125 0.545000 0.043750 0.058000
4 0.618125 0.547000 0.038750 0.058000
5 0.269375 0.906000 0.086250 0.044000