0 0.567500 0.230000 0.047500 0.060000
0 0.685625 0.231000 0.063750 0.058000
0 0.622500 0.233000 0.065000 0.058000
1 0.594375 0.331000 0.053750 0.062000
1 0.656875 0.333000 0.068750 0.066000
1 0.746875 0.332000 0.108750 0.064000
2 0.672500 0.409000 0.065000 0.066000
2 0.730625 0.410000 0.043750 0.068000
3 0.648750 0.474000 0.052500 0.068000
3 0.593125 0.471000 0.053750 0.066000
3 0.805625 0.471000 0.103750 0.066000
3 0.714375 0.471000 0.076250 0.062000
4 0.613125 0.535000 0.038750 0.046000
4 0.836875 0.533000 0.068750 0.046000
4 0.726875 0.533000 0.036250 0.054000
5 0.279375 0.870000 0.081250 0.044000