0 0.737500 0.289000 0.065000 0.058000
0 0.603750 0.294000 0.045000 0.064000
0 0.665000 0.291000 0.065000 0.058000
1 0.706250 0.391000 0.107500 0.082000
1 0.805625 0.396000 0.076250 0.064000
1 0.623125 0.405000 0.048750 0.070000
2 0.704375 0.485000 0.061250 0.070000
2 0.758125 0.482000 0.036250 0.064000
3 0.865625 0.559000 0.061250 0.074000
3 0.639375 0.569000 0.088750 0.086000
3 0.793125 0.568000 0.068750 0.064000
3 0.721875 0.576000 0.058750 0.060000
4 0.861250 0.634000 0.067500 0.056000
4 0.748750 0.639000 0.032500 0.050000
4 0.633750 0.642000 0.032500 0.048000