0 0.570000 0.260000 0.047500 0.060000
0 0.625000 0.261000 0.065000 0.062000
0 0.688125 0.263000 0.063750 0.062000
1 0.613750 0.362000 0.060000 0.068000
1 0.686250 0.363000 0.080000 0.062000
1 0.755625 0.371000 0.056250 0.070000
2 0.675625 0.443000 0.121250 0.074000
2 0.760000 0.438000 0.040000 0.056000
3 0.742500 0.499000 0.062500 0.050000
3 0.658750 0.501000 0.095000 0.046000
3 0.793125 0.504000 0.026250 0.044000
4 0.827500 0.560000 0.067500 0.060000
4 0.623750 0.563000 0.040000 0.054000
4 0.721250 0.564000 0.035000 0.048000
5 0.267500 0.896000 0.090000 0.044000