0 0.653125 0.224000 0.073750 0.068000
0 0.725625 0.224000 0.068750 0.068000
0 0.587500 0.225000 0.055000 0.062000
1 0.820625 0.344000 0.113750 0.068000
1 0.721875 0.335000 0.078750 0.090000
1 0.625000 0.357000 0.122500 0.082000
2 0.770000 0.437000 0.045000 0.070000
2 0.711250 0.442000 0.067500 0.072000
3 0.605625 0.519000 0.061250 0.078000
3 0.688750 0.517000 0.102500 0.086000
3 0.881875 0.509000 0.086250 0.058000
3 0.788750 0.513000 0.095000 0.062000
4 0.885625 0.581000 0.076250 0.066000
4 0.644375 0.587000 0.041250 0.058000
4 0.767500 0.592000 0.025000 0.052000
5 0.265625 0.974000 0.091250 0.048000