0 0.597500 0.229000 0.050000 0.066000
0 0.658750 0.229000 0.072500 0.066000
0 0.730625 0.229000 0.071250 0.066000
1 0.636875 0.324000 0.156250 0.072000
1 0.755000 0.327000 0.082500 0.070000
1 0.838750 0.328000 0.085000 0.072000
2 0.691250 0.406000 0.080000 0.068000
2 0.756875 0.406000 0.043750 0.068000
3 0.568125 0.475000 0.083750 0.062000
3 0.848125 0.473000 0.076250 0.058000
3 0.663750 0.482000 0.107500 0.072000
3 0.763750 0.481000 0.087500 0.066000
3 0.923125 0.479000 0.073750 0.062000
4 0.845000 0.536000 0.070000 0.060000
4 0.741875 0.540000 0.028750 0.064000
4 0.633125 0.541000 0.038750 0.050000
5 0.312500 0.895000 0.095000 0.046000