0 0.568750 0.264000 0.045000 0.060000
0 0.624375 0.264000 0.066250 0.060000
0 0.688750 0.263000 0.062500 0.058000
1 0.800625 0.366000 0.088750 0.064000
1 0.577500 0.368000 0.105000 0.064000
1 0.693125 0.371000 0.128750 0.070000
2 0.670625 0.448000 0.071250 0.068000
2 0.733750 0.447000 0.042500 0.066000
3 0.811875 0.511000 0.106250 0.066000
3 0.588125 0.513000 0.053750 0.062000
3 0.646250 0.514000 0.055000 0.064000
3 0.715000 0.513000 0.080000 0.062000
4 0.840000 0.573000 0.072500 0.062000
4 0.726250 0.572000 0.040000 0.056000
4 0.612500 0.578000 0.035000 0.052000
5 0.273125 0.936000 0.083750 0.048000