0 0.613125 0.222000 0.068750 0.064000
0 0.682500 0.222000 0.067500 0.064000
0 0.556875 0.222000 0.048750 0.060000
1 0.805625 0.326000 0.133750 0.072000
1 0.563125 0.331000 0.161250 0.074000
1 0.691875 0.332000 0.093750 0.068000
2 0.662500 0.419000 0.075000 0.074000
2 0.726875 0.416000 0.046250 0.068000
3 0.681875 0.488000 0.108750 0.072000
3 0.767500 0.485000 0.057500 0.066000
3 0.575000 0.484000 0.097500 0.060000
3 0.856250 0.487000 0.060000 0.058000
3 0.812500 0.491000 0.022500 0.030000
4 0.606875 0.546000 0.043750 0.060000
4 0.830625 0.547000 0.076250 0.062000
4 0.716250 0.548000 0.035000 0.052000
5 0.248125 0.896000 0.088750 0.044000