0 0.618125 0.265000 0.066250 0.062000
0 0.686250 0.264000 0.067500 0.060000
0 0.561250 0.267000 0.047500 0.062000
1 0.773750 0.365000 0.112500 0.066000
1 0.571250 0.370000 0.062500 0.068000
1 0.660000 0.369000 0.112500 0.066000
2 0.666875 0.446000 0.078750 0.068000
2 0.732500 0.447000 0.047500 0.062000
3 0.545625 0.509000 0.116250 0.062000
3 0.870000 0.511000 0.087500 0.066000
3 0.632500 0.511000 0.052500 0.062000
3 0.706250 0.513000 0.085000 0.066000
3 0.786875 0.511000 0.068750 0.062000
3 0.932500 0.510000 0.025000 0.060000
4 0.846250 0.575000 0.072500 0.050000
4 0.726875 0.575000 0.038750 0.050000
4 0.610000 0.578000 0.037500 0.052000
5 0.265625 0.920000 0.091250 0.048000