0 0.574375 0.234000 0.048750 0.060000
0 0.699375 0.236000 0.068750 0.064000
0 0.631875 0.236000 0.068750 0.060000
1 0.583750 0.344000 0.160000 0.072000
1 0.816875 0.346000 0.138750 0.068000
1 0.706250 0.346000 0.087500 0.064000
2 0.676875 0.430000 0.081250 0.072000
2 0.745000 0.428000 0.045000 0.068000
3 0.870000 0.497000 0.057500 0.066000
3 0.701875 0.498000 0.103750 0.068000
3 0.596250 0.493000 0.092500 0.062000
3 0.784375 0.496000 0.058750 0.068000
4 0.854375 0.563000 0.068750 0.042000
4 0.621250 0.561000 0.035000 0.046000
4 0.736875 0.563000 0.033750 0.046000
5 0.268750 0.907000 0.087500 0.046000
3 0.826875 0.499000 0.016250 0.042000