0 0.523125 0.230000 0.051250 0.064000
0 0.586250 0.232000 0.072500 0.068000
0 0.658750 0.232000 0.072500 0.064000
1 0.738750 0.343000 0.145000 0.082000
1 0.540625 0.343000 0.076250 0.066000
1 0.621875 0.344000 0.088750 0.064000
2 0.642500 0.426000 0.107500 0.060000
2 0.720000 0.427000 0.040000 0.058000
3 0.545000 0.496000 0.102500 0.064000
3 0.659375 0.503000 0.108750 0.070000
3 0.751875 0.498000 0.063750 0.060000
3 0.800000 0.501000 0.017500 0.062000
3 0.846875 0.508000 0.063750 0.072000
4 0.575625 0.563000 0.041250 0.058000
4 0.698125 0.567000 0.036250 0.054000
4 0.815625 0.571000 0.078750 0.062000
5 0.198750 0.925000 0.090000 0.050000