0 0.700625 0.276000 0.066250 0.060000
0 0.633750 0.279000 0.067500 0.058000
0 0.576250 0.281000 0.047500 0.058000
1 0.756250 0.358000 0.097500 0.064000
1 0.668750 0.366000 0.075000 0.072000
1 0.604375 0.366000 0.051250 0.064000
2 0.671250 0.427000 0.092500 0.062000
2 0.740625 0.426000 0.038750 0.056000
3 0.802500 0.483000 0.027500 0.062000
3 0.670625 0.499000 0.088750 0.062000
3 0.753125 0.488000 0.066250 0.056000
4 0.816875 0.544000 0.063750 0.044000
4 0.713750 0.551000 0.027500 0.042000
4 0.614375 0.555000 0.036250 0.054000
5 0.315000 0.872000 0.095000 0.048000