0 0.653125 0.279000 0.063750 0.062000
0 0.536875 0.279000 0.046250 0.058000
0 0.590625 0.279000 0.063750 0.058000
1 0.744375 0.371000 0.101250 0.066000
1 0.540625 0.372000 0.066250 0.064000
1 0.635625 0.374000 0.118750 0.068000
2 0.642500 0.444000 0.095000 0.060000
2 0.706250 0.440000 0.037500 0.052000
3 0.629375 0.501000 0.086250 0.062000
3 0.755625 0.498000 0.031250 0.056000
3 0.707500 0.500000 0.062500 0.052000
4 0.800625 0.555000 0.073750 0.054000
4 0.578125 0.558000 0.038750 0.056000
4 0.687500 0.556000 0.037500 0.052000
5 0.256250 0.860000 0.077500 0.044000