0 0.613750 0.245000 0.067500 0.062000
0 0.681250 0.244000 0.067500 0.060000
0 0.556250 0.246000 0.047500 0.060000
1 0.773750 0.345000 0.112500 0.066000
1 0.581250 0.345000 0.102500 0.062000
1 0.675625 0.345000 0.083750 0.062000
2 0.662500 0.425000 0.077500 0.070000
2 0.728125 0.423000 0.043750 0.066000
3 0.677500 0.486000 0.107500 0.072000
3 0.571250 0.482000 0.097500 0.060000
3 0.767500 0.479000 0.065000 0.054000
3 0.846875 0.481000 0.086250 0.058000
4 0.719375 0.544000 0.026250 0.060000
4 0.833125 0.542000 0.073750 0.056000
4 0.608750 0.544000 0.040000 0.056000
5 0.250000 0.881000 0.082500 0.046000