0 0.661250 0.276000 0.065000 0.060000
0 0.727500 0.277000 0.067500 0.062000
0 0.603750 0.277000 0.050000 0.058000
1 0.655000 0.376000 0.155000 0.068000
1 0.832500 0.378000 0.080000 0.072000
1 0.763750 0.382000 0.052500 0.072000
2 0.707500 0.455000 0.077500 0.070000
2 0.772500 0.453000 0.045000 0.062000
3 0.700000 0.512000 0.095000 0.064000
3 0.785000 0.512000 0.067500 0.056000
3 0.832500 0.511000 0.035000 0.054000
4 0.763125 0.572000 0.038750 0.052000
4 0.651250 0.574000 0.035000 0.056000
4 0.883750 0.576000 0.082500 0.060000
5 0.308125 0.901000 0.088750 0.050000