0 0.562500 0.212000 0.045000 0.060000
0 0.614375 0.212000 0.063750 0.060000
0 0.675625 0.212000 0.063750 0.060000
1 0.573125 0.313000 0.141250 0.066000
1 0.708750 0.312000 0.127500 0.064000
1 0.812500 0.314000 0.077500 0.064000
2 0.659375 0.392000 0.071250 0.072000
2 0.721875 0.394000 0.043750 0.068000
3 0.645000 0.456000 0.092500 0.068000
3 0.735625 0.456000 0.083750 0.064000
3 0.791875 0.454000 0.033750 0.052000
4 0.608125 0.522000 0.033750 0.052000
3 0.830000 0.526000 0.062500 0.048000
4 0.720000 0.524000 0.032500 0.044000
5 0.264375 0.878000 0.086250 0.044000