0 0.581250 0.253000 0.050000 0.062000
0 0.640625 0.255000 0.071250 0.062000
0 0.711250 0.256000 0.070000 0.064000
1 0.585000 0.349000 0.160000 0.074000
1 0.727500 0.351000 0.125000 0.078000
1 0.838125 0.354000 0.091250 0.064000
2 0.680000 0.423000 0.095000 0.058000
2 0.750625 0.425000 0.038750 0.054000
3 0.616250 0.501000 0.090000 0.070000
3 0.781250 0.500000 0.102500 0.064000
3 0.695000 0.506000 0.062500 0.072000
3 0.854375 0.500000 0.041250 0.056000
4 0.825625 0.558000 0.071250 0.056000
4 0.614375 0.558000 0.038750 0.052000
4 0.721250 0.557000 0.037500 0.050000
5 0.296250 0.895000 0.095000 0.046000