0 0.561875 0.227000 0.051250 0.062000
0 0.623750 0.228000 0.072500 0.064000
0 0.693750 0.228000 0.070000 0.064000
1 0.778125 0.327000 0.163750 0.074000
1 0.575625 0.337000 0.113750 0.078000
1 0.663125 0.331000 0.058750 0.066000
2 0.737500 0.405000 0.040000 0.062000
2 0.665625 0.403000 0.101250 0.062000
3 0.661875 0.484000 0.098750 0.072000
3 0.751875 0.483000 0.073750 0.062000
3 0.803750 0.484000 0.027500 0.060000
4 0.821875 0.547000 0.073750 0.062000
4 0.706250 0.551000 0.027500 0.062000
4 0.597500 0.548000 0.032500 0.052000
5 0.270625 0.894000 0.098750 0.048000