0 0.683125 0.256000 0.066250 0.064000
0 0.615625 0.258000 0.066250 0.064000
0 0.558125 0.260000 0.046250 0.060000
1 0.566250 0.364000 0.152500 0.084000
1 0.813750 0.370000 0.135000 0.076000
1 0.695625 0.369000 0.101250 0.066000
2 0.664375 0.452000 0.076250 0.072000
2 0.729375 0.450000 0.046250 0.068000
3 0.656875 0.514000 0.098750 0.064000
3 0.742500 0.516000 0.067500 0.068000
3 0.796875 0.513000 0.033750 0.050000
4 0.840000 0.576000 0.077500 0.060000
4 0.605000 0.577000 0.040000 0.058000
4 0.720625 0.577000 0.041250 0.058000
5 0.270625 0.917000 0.086250 0.046000