0 0.710000 0.245000 0.070000 0.062000
0 0.580000 0.246000 0.052500 0.060000
0 0.640625 0.246000 0.071250 0.060000
1 0.781250 0.338000 0.107500 0.064000
1 0.585625 0.340000 0.058750 0.064000
1 0.670625 0.344000 0.111250 0.072000
2 0.675000 0.417000 0.077500 0.070000
2 0.740000 0.415000 0.045000 0.066000
3 0.673125 0.486000 0.096250 0.068000
3 0.813125 0.483000 0.028750 0.062000
3 0.759375 0.485000 0.068750 0.062000
4 0.609375 0.542000 0.041250 0.056000
4 0.843125 0.545000 0.068750 0.046000
4 0.726875 0.548000 0.036250 0.044000
5 0.293750 0.886000 0.097500 0.044000