0 0.646875 0.237000 0.068750 0.062000
0 0.715625 0.237000 0.068750 0.062000
0 0.587500 0.238000 0.052500 0.060000
1 0.806875 0.330000 0.141250 0.076000
1 0.691875 0.334000 0.088750 0.076000
1 0.595000 0.337000 0.110000 0.074000
2 0.686875 0.413000 0.106250 0.070000
2 0.762500 0.410000 0.042500 0.060000
3 0.688125 0.485000 0.093750 0.070000
3 0.772500 0.485000 0.067500 0.058000
3 0.822500 0.482000 0.035000 0.052000
4 0.842500 0.544000 0.072500 0.060000
4 0.627500 0.548000 0.042500 0.056000
4 0.734375 0.544000 0.028750 0.044000
5 0.306875 0.894000 0.098750 0.048000