0 0.683750 0.239000 0.067500 0.062000
0 0.561875 0.240000 0.046250 0.060000
0 0.617500 0.239000 0.065000 0.058000
1 0.592500 0.342000 0.062500 0.068000
1 0.665000 0.340000 0.077500 0.064000
1 0.753125 0.342000 0.093750 0.064000
2 0.670625 0.420000 0.126250 0.072000
2 0.755000 0.413000 0.037500 0.054000
3 0.542500 0.478000 0.117500 0.064000
3 0.858750 0.475000 0.085000 0.058000
3 0.631250 0.478000 0.050000 0.060000
3 0.699375 0.482000 0.083750 0.068000
3 0.776250 0.479000 0.067500 0.062000
3 0.923125 0.479000 0.023750 0.062000
4 0.826875 0.536000 0.068750 0.060000
4 0.721875 0.537000 0.038750 0.054000
4 0.610000 0.551000 0.040000 0.054000
5 0.263125 0.871000 0.086250 0.042000