0 0.565000 0.272000 0.050000 0.064000
0 0.623125 0.274000 0.068750 0.064000
0 0.690625 0.274000 0.068750 0.064000
1 0.745625 0.363000 0.123750 0.066000
1 0.643750 0.365000 0.075000 0.070000
1 0.575625 0.363000 0.063750 0.074000
2 0.658125 0.440000 0.073750 0.068000
2 0.720625 0.439000 0.043750 0.066000
3 0.680625 0.515000 0.103750 0.078000
3 0.762500 0.507000 0.057500 0.062000
3 0.836875 0.510000 0.083750 0.068000
3 0.578750 0.509000 0.095000 0.062000
4 0.818750 0.560000 0.065000 0.052000
4 0.708750 0.563000 0.040000 0.054000
4 0.597500 0.566000 0.040000 0.056000
5 0.292500 0.924000 0.092500 0.048000