0 0.660625 0.238000 0.068750 0.060000
0 0.535625 0.241000 0.048750 0.062000
0 0.593750 0.239000 0.067500 0.058000
1 0.730000 0.346000 0.105000 0.068000
1 0.576250 0.351000 0.085000 0.070000
1 0.647500 0.349000 0.060000 0.066000
2 0.645625 0.433000 0.103750 0.070000
2 0.720000 0.426000 0.037500 0.056000
3 0.624375 0.493000 0.096250 0.066000
3 0.718750 0.498000 0.090000 0.064000
3 0.783125 0.501000 0.033750 0.058000
4 0.700625 0.560000 0.043750 0.060000
4 0.815000 0.559000 0.075000 0.058000
4 0.575625 0.562000 0.036250 0.052000
5 0.235000 0.920000 0.085000 0.044000