0 0.573750 0.265000 0.050000 0.062000
0 0.633750 0.266000 0.070000 0.060000
0 0.702500 0.266000 0.067500 0.060000
1 0.730000 0.353000 0.150000 0.070000
1 0.572500 0.358000 0.152500 0.064000
1 0.848750 0.357000 0.090000 0.062000
2 0.674375 0.427000 0.098750 0.062000
2 0.745000 0.431000 0.040000 0.062000
3 0.530000 0.502000 0.077500 0.064000
3 0.624375 0.505000 0.101250 0.070000
3 0.733750 0.508000 0.107500 0.072000
3 0.868750 0.504000 0.065000 0.064000
3 0.812500 0.506000 0.045000 0.064000
3 0.931250 0.509000 0.052500 0.066000
4 0.613750 0.564000 0.037500 0.040000
4 0.826250 0.568000 0.070000 0.048000
4 0.720625 0.565000 0.031250 0.038000
5 0.293125 0.902000 0.096250 0.048000