0 0.606875 0.263000 0.066250 0.062000
0 0.673750 0.263000 0.067500 0.058000
0 0.551875 0.265000 0.046250 0.058000
1 0.759375 0.364000 0.068750 0.068000
1 0.683750 0.364000 0.080000 0.064000
1 0.597500 0.366000 0.095000 0.064000
2 0.658125 0.447000 0.068750 0.066000
2 0.720000 0.445000 0.045000 0.066000
3 0.651250 0.513000 0.092500 0.058000
3 0.734375 0.505000 0.068750 0.058000
3 0.785000 0.504000 0.027500 0.056000
4 0.821875 0.571000 0.068750 0.050000
4 0.713125 0.569000 0.028750 0.058000
4 0.607500 0.582000 0.040000 0.056000
5 0.256875 0.914000 0.081250 0.052000