0 0.625625 0.267000 0.066250 0.062000
0 0.690625 0.267000 0.066250 0.062000
1 0.570000 0.268000 0.047500 0.064000
1 0.600000 0.370000 0.105000 0.064000
1 0.698750 0.373000 0.090000 0.070000
1 0.785625 0.370000 0.083750 0.064000
2 0.735000 0.453000 0.045000 0.070000
2 0.670000 0.454000 0.072500 0.068000
3 0.665625 0.516000 0.093750 0.068000
3 0.750625 0.519000 0.071250 0.054000
3 0.799375 0.516000 0.031250 0.052000
4 0.835625 0.579000 0.071250 0.050000
4 0.622500 0.581000 0.035000 0.046000
4 0.725625 0.585000 0.028750 0.050000
5 0.271875 0.935000 0.093750 0.046000