0 0.608125 0.297000 0.051250 0.062000
0 0.668750 0.299000 0.067500 0.062000
0 0.735625 0.303000 0.068750 0.062000
1 0.630625 0.389000 0.061250 0.066000
2 0.713750 0.389000 0.107500 0.066000
1 0.803750 0.398000 0.067500 0.080000
2 0.704375 0.460000 0.101250 0.068000
2 0.776875 0.459000 0.038750 0.054000
3 0.642500 0.525000 0.085000 0.066000
3 0.722500 0.531000 0.057500 0.070000
3 0.791875 0.527000 0.071250 0.058000
3 0.862500 0.529000 0.062500 0.058000
4 0.851250 0.584000 0.070000 0.052000
4 0.640625 0.584000 0.036250 0.048000
4 0.750000 0.583000 0.035000 0.046000
5 0.329375 0.910000 0.096250 0.044000