0 0.573125 0.256000 0.046250 0.060000
0 0.626250 0.256000 0.062500 0.060000
0 0.688125 0.256000 0.061250 0.060000
1 0.775000 0.347000 0.102500 0.066000
1 0.594375 0.348000 0.101250 0.064000
1 0.683750 0.349000 0.080000 0.066000
2 0.674375 0.415000 0.058750 0.058000
2 0.723750 0.412000 0.035000 0.052000
3 0.795000 0.471000 0.042500 0.058000
3 0.646875 0.475000 0.076250 0.062000
3 0.727500 0.476000 0.077500 0.064000
4 0.825000 0.526000 0.070000 0.056000
4 0.621875 0.528000 0.033750 0.052000
4 0.729375 0.536000 0.028750 0.052000
5 0.288125 0.839000 0.088750 0.042000