0 0.558750 0.243000 0.047500 0.062000
0 0.616250 0.242000 0.067500 0.060000
0 0.681875 0.242000 0.066250 0.060000
1 0.670625 0.336000 0.136250 0.076000
1 0.790000 0.332000 0.105000 0.068000
1 0.557500 0.334000 0.100000 0.068000
2 0.656875 0.411000 0.131250 0.070000
2 0.744375 0.407000 0.036250 0.062000
3 0.823125 0.478000 0.093750 0.068000
3 0.661875 0.480000 0.046250 0.064000
3 0.730000 0.480000 0.085000 0.064000
3 0.526875 0.484000 0.071250 0.068000
3 0.599375 0.481000 0.068750 0.062000
3 0.895000 0.479000 0.050000 0.058000
4 0.806250 0.541000 0.067500 0.054000
4 0.701875 0.535000 0.023750 0.054000
4 0.598750 0.545000 0.037500 0.050000
5 0.287500 0.895000 0.095000 0.050000