0 0.603750 0.237000 0.070000 0.062000
0 0.673750 0.237000 0.070000 0.062000
0 0.542500 0.239000 0.052500 0.062000
1 0.721875 0.343000 0.093750 0.070000
1 0.625625 0.347000 0.096250 0.062000
2 0.651250 0.433000 0.085000 0.070000
2 0.724375 0.432000 0.046250 0.068000
3 0.648125 0.501000 0.103750 0.070000
3 0.738750 0.498000 0.072500 0.064000
3 0.796875 0.497000 0.033750 0.054000
4 0.717500 0.562000 0.045000 0.064000
4 0.841875 0.561000 0.078750 0.062000
4 0.590000 0.565000 0.040000 0.058000
5 0.220625 0.935000 0.096250 0.050000