0 0.699375 0.158000 0.071250 0.088000
0 0.620625 0.165000 0.073750 0.090000
0 0.555000 0.168000 0.050000 0.088000
1 0.737500 0.295000 0.127500 0.102000
1 0.863125 0.296000 0.096250 0.104000
1 0.581250 0.307000 0.185000 0.086000
2 0.748125 0.411000 0.043750 0.066000
2 0.685000 0.419000 0.077500 0.082000
3 0.596875 0.507000 0.081250 0.094000
3 0.791875 0.499000 0.121250 0.078000
3 0.685625 0.510000 0.093750 0.096000
3 0.880625 0.506000 0.056250 0.084000
4 0.609375 0.595000 0.041250 0.074000
4 0.880000 0.593000 0.087500 0.070000
4 0.745000 0.601000 0.035000 0.070000