0 0.703125 0.234000 0.068750 0.060000
0 0.573750 0.235000 0.050000 0.058000
0 0.633750 0.237000 0.067500 0.062000
1 0.790000 0.320000 0.110000 0.064000
1 0.698750 0.323000 0.090000 0.066000
1 0.589375 0.332000 0.108750 0.076000
2 0.671250 0.398000 0.100000 0.072000
2 0.745000 0.393000 0.040000 0.054000
3 0.810000 0.469000 0.107500 0.074000
2 0.716250 0.467000 0.080000 0.066000
3 0.591875 0.468000 0.051250 0.060000
2 0.643750 0.470000 0.050000 0.060000
4 0.823750 0.517000 0.057500 0.054000
4 0.711875 0.520000 0.041250 0.048000
5 0.296875 0.853000 0.088750 0.042000
4 0.611875 0.530000 0.043750 0.040000