0 0.568750 0.226000 0.050000 0.060000
0 0.626250 0.227000 0.067500 0.062000
0 0.693125 0.227000 0.068750 0.062000
1 0.783750 0.329000 0.132500 0.074000
1 0.581250 0.331000 0.107500 0.066000
1 0.676875 0.331000 0.083750 0.062000
2 0.675000 0.413000 0.075000 0.070000
2 0.740625 0.412000 0.043750 0.068000
3 0.581250 0.473000 0.082500 0.058000
3 0.678750 0.482000 0.105000 0.072000
3 0.771875 0.480000 0.071250 0.068000
3 0.853125 0.480000 0.086250 0.068000
4 0.618125 0.537000 0.043750 0.062000
4 0.735000 0.536000 0.042500 0.060000
4 0.849375 0.539000 0.071250 0.062000
5 0.263125 0.892000 0.086250 0.044000