0 0.559375 0.205000 0.046250 0.058000
0 0.614375 0.207000 0.066250 0.062000
0 0.679375 0.208000 0.066250 0.060000
1 0.688750 0.298000 0.082500 0.068000
1 0.593750 0.299000 0.107500 0.066000
1 0.773125 0.299000 0.081250 0.062000
2 0.720625 0.366000 0.043750 0.064000
2 0.661875 0.367000 0.068750 0.054000
3 0.571250 0.416000 0.092500 0.060000
3 0.758125 0.417000 0.058750 0.058000
3 0.671250 0.423000 0.100000 0.062000
3 0.835000 0.422000 0.082500 0.060000
4 0.608750 0.480000 0.032500 0.040000
4 0.716250 0.482000 0.025000 0.044000
4 0.820000 0.484000 0.067500 0.044000
5 0.258125 0.764000 0.083750 0.044000