0 0.653750 0.239000 0.070000 0.062000
0 0.729375 0.237000 0.073750 0.058000
0 0.590000 0.239000 0.047500 0.058000
1 0.824375 0.323000 0.113750 0.078000
1 0.601875 0.326000 0.086250 0.076000
1 0.707500 0.325000 0.110000 0.070000
2 0.695000 0.403000 0.102500 0.066000
2 0.771250 0.405000 0.042500 0.062000
3 0.734375 0.483000 0.108750 0.074000
3 0.855000 0.477000 0.125000 0.062000
3 0.625000 0.480000 0.100000 0.060000
4 0.628750 0.540000 0.032500 0.052000
4 0.851875 0.545000 0.073750 0.050000
4 0.738125 0.545000 0.026250 0.042000
5 0.306250 0.883000 0.107500 0.050000