0 0.613125 0.253000 0.066250 0.062000
0 0.680625 0.253000 0.068750 0.062000
0 0.556250 0.255000 0.045000 0.062000
1 0.583750 0.365000 0.107500 0.070000
1 0.690625 0.362000 0.108750 0.064000
1 0.788750 0.367000 0.087500 0.074000
2 0.661875 0.447000 0.076250 0.070000
2 0.727500 0.445000 0.045000 0.066000
3 0.572500 0.507000 0.097500 0.062000
3 0.676250 0.513000 0.105000 0.070000
3 0.843125 0.507000 0.088750 0.058000
3 0.764375 0.508000 0.063750 0.056000
4 0.836250 0.573000 0.075000 0.062000
4 0.603750 0.574000 0.042500 0.060000
4 0.719375 0.576000 0.041250 0.048000
5 0.259375 0.926000 0.081250 0.044000