0 0.610625 0.231000 0.063750 0.062000
0 0.552500 0.234000 0.047500 0.060000
0 0.675000 0.234000 0.062500 0.060000
1 0.631875 0.341000 0.061250 0.070000
1 0.699375 0.342000 0.086250 0.072000
2 0.654375 0.421000 0.076250 0.066000
2 0.720000 0.422000 0.045000 0.064000
3 0.573750 0.485000 0.055000 0.062000
3 0.700000 0.488000 0.077500 0.068000
3 0.798750 0.489000 0.112500 0.070000
3 0.630000 0.491000 0.055000 0.070000
4 0.601250 0.548000 0.040000 0.056000
4 0.715625 0.548000 0.031250 0.056000
4 0.823125 0.550000 0.078750 0.060000
5 0.241875 0.908000 0.093750 0.048000