0 0.642500 0.260000 0.072500 0.064000
0 0.714375 0.258000 0.071250 0.060000
1 0.583750 0.261000 0.050000 0.062000
2 0.735000 0.358000 0.062500 0.076000
1 0.672500 0.359000 0.045000 0.062000
2 0.755000 0.421000 0.037500 0.054000
2 0.680625 0.426000 0.101250 0.064000
3 0.685000 0.500000 0.095000 0.072000
3 0.767500 0.495000 0.070000 0.058000
3 0.820000 0.493000 0.035000 0.046000
4 0.835000 0.551000 0.072500 0.058000
4 0.728750 0.558000 0.035000 0.048000
4 0.623125 0.562000 0.041250 0.056000
5 0.303750 0.889000 0.092500 0.042000