0 0.619375 0.218000 0.071250 0.064000
0 0.559375 0.218000 0.051250 0.060000
0 0.689375 0.219000 0.068750 0.062000
1 0.783125 0.316000 0.083750 0.068000
1 0.600000 0.313000 0.155000 0.074000
1 0.711250 0.315000 0.065000 0.062000
2 0.658125 0.396000 0.063750 0.072000
2 0.712500 0.389000 0.037500 0.054000
3 0.753125 0.469000 0.113750 0.074000
3 0.851250 0.468000 0.065000 0.068000
3 0.571875 0.470000 0.091250 0.072000
3 0.656875 0.470000 0.071250 0.072000
4 0.812500 0.528000 0.067500 0.048000
4 0.599375 0.530000 0.043750 0.048000
4 0.706250 0.529000 0.027500 0.046000
5 0.277500 0.879000 0.092500 0.050000