0 0.605000 0.281000 0.065000 0.062000
0 0.670000 0.280000 0.065000 0.060000
0 0.547500 0.282000 0.047500 0.060000
1 0.564375 0.382000 0.148750 0.068000
1 0.780000 0.381000 0.127500 0.066000
1 0.677500 0.381000 0.077500 0.062000
2 0.650000 0.459000 0.077500 0.070000
2 0.713125 0.457000 0.043750 0.066000
3 0.671250 0.519000 0.100000 0.070000
3 0.568750 0.515000 0.092500 0.058000
3 0.835625 0.516000 0.058750 0.056000
3 0.755000 0.520000 0.050000 0.052000
3 0.792500 0.522000 0.015000 0.032000
4 0.820625 0.575000 0.071250 0.058000
4 0.705000 0.575000 0.040000 0.054000
4 0.591250 0.578000 0.032500 0.048000
5 0.258750 0.905000 0.085000 0.046000