0 0.560000 0.230000 0.047500 0.060000
0 0.618750 0.231000 0.070000 0.062000
0 0.686250 0.231000 0.067500 0.062000
1 0.677500 0.339000 0.085000 0.066000
1 0.763125 0.340000 0.086250 0.068000
1 0.599375 0.341000 0.073750 0.062000
2 0.665625 0.423000 0.078750 0.070000
2 0.732500 0.422000 0.045000 0.068000
3 0.668750 0.489000 0.107500 0.070000
3 0.766250 0.490000 0.075000 0.072000
3 0.569375 0.485000 0.083750 0.058000
3 0.851250 0.490000 0.090000 0.068000
4 0.846250 0.549000 0.077500 0.062000
4 0.725625 0.549000 0.041250 0.058000
4 0.606875 0.555000 0.031250 0.050000
5 0.252500 0.899000 0.085000 0.046000