0 0.642500 0.207000 0.072500 0.062000
0 0.715000 0.206000 0.070000 0.060000
0 0.581250 0.207000 0.055000 0.058000
1 0.774375 0.303000 0.111250 0.066000
1 0.605000 0.305000 0.062500 0.066000
1 0.677500 0.303000 0.080000 0.062000
2 0.676250 0.382000 0.077500 0.072000
2 0.741875 0.380000 0.046250 0.064000
3 0.787500 0.460000 0.095000 0.076000
3 0.684375 0.458000 0.106250 0.072000
3 0.876875 0.452000 0.078750 0.060000
3 0.586875 0.453000 0.081250 0.058000
4 0.725000 0.517000 0.025000 0.062000
4 0.835000 0.515000 0.075000 0.058000
4 0.617500 0.514000 0.040000 0.052000
5 0.304375 0.860000 0.091250 0.044000