0 0.599375 0.239000 0.056250 0.062000
0 0.663125 0.240000 0.071250 0.064000
0 0.735625 0.238000 0.071250 0.060000
1 0.603125 0.331000 0.091250 0.070000
1 0.720000 0.337000 0.140000 0.078000
1 0.834375 0.333000 0.093750 0.066000
2 0.704375 0.410000 0.101250 0.060000
2 0.776875 0.409000 0.038750 0.058000
3 0.697500 0.491000 0.097500 0.070000
3 0.785625 0.489000 0.071250 0.062000
3 0.836250 0.486000 0.032500 0.052000
4 0.860000 0.545000 0.077500 0.062000
4 0.638125 0.545000 0.041250 0.058000
4 0.751250 0.546000 0.035000 0.048000
5 0.305625 0.899000 0.098750 0.050000