0 0.575625 0.196000 0.046250 0.056000
0 0.626875 0.197000 0.063750 0.058000
0 0.689375 0.197000 0.063750 0.058000
1 0.589375 0.288000 0.138750 0.064000
1 0.702500 0.288000 0.087500 0.064000
1 0.796250 0.287000 0.100000 0.062000
2 0.665000 0.359000 0.125000 0.070000
2 0.748125 0.356000 0.036250 0.052000
3 0.886875 0.429000 0.053750 0.066000
3 0.554375 0.428000 0.081250 0.060000
3 0.626875 0.432000 0.058750 0.068000
3 0.701250 0.435000 0.082500 0.074000
3 0.801875 0.433000 0.108750 0.070000
3 0.816250 0.496000 0.067500 0.056000
4 0.605000 0.495000 0.035000 0.058000
4 0.710625 0.492000 0.036250 0.048000
5 0.286250 0.853000 0.095000 0.046000