0 0.586250 0.263000 0.050000 0.062000
0 0.645000 0.264000 0.070000 0.060000
0 0.713125 0.264000 0.068750 0.060000
1 0.828750 0.353000 0.105000 0.070000
1 0.727500 0.352000 0.100000 0.064000
1 0.601875 0.355000 0.151250 0.066000
2 0.683750 0.421000 0.097500 0.058000
2 0.753125 0.421000 0.036250 0.054000
3 0.720625 0.494000 0.103750 0.072000
3 0.838125 0.486000 0.123750 0.056000
3 0.619375 0.493000 0.093750 0.066000
4 0.831875 0.544000 0.071250 0.056000
4 0.726250 0.547000 0.037500 0.050000
4 0.621250 0.550000 0.035000 0.048000
5 0.310000 0.889000 0.095000 0.042000