0 0.559375 0.250000 0.046250 0.060000
0 0.613750 0.253000 0.065000 0.062000
0 0.677500 0.256000 0.065000 0.060000
1 0.578750 0.354000 0.150000 0.068000
1 0.687500 0.360000 0.070000 0.068000
1 0.783750 0.361000 0.122500 0.066000
2 0.660000 0.437000 0.100000 0.070000
2 0.730625 0.431000 0.036250 0.054000
3 0.538125 0.494000 0.113750 0.076000
3 0.624375 0.489000 0.048750 0.058000
3 0.769375 0.493000 0.063750 0.058000
3 0.691250 0.499000 0.082500 0.066000
3 0.843750 0.500000 0.087500 0.060000
3 0.903125 0.498000 0.033750 0.048000
4 0.603750 0.551000 0.032500 0.050000
4 0.708125 0.554000 0.038750 0.056000
4 0.812500 0.557000 0.067500 0.058000
5 0.259375 0.861000 0.083750 0.042000