0 0.683125 0.222000 0.063750 0.072000
0 0.565000 0.221000 0.037500 0.058000
0 0.621250 0.228000 0.055000 0.056000
1 0.585625 0.316000 0.056250 0.072000
1 0.748750 0.317000 0.112500 0.070000
1 0.653125 0.321000 0.073750 0.062000
2 0.725625 0.399000 0.033750 0.058000
2 0.668750 0.400000 0.075000 0.052000
3 0.533125 0.454000 0.091250 0.084000
3 0.897500 0.460000 0.057500 0.064000
3 0.697500 0.461000 0.087500 0.050000
3 0.805000 0.466000 0.117500 0.056000
3 0.617500 0.464000 0.065000 0.040000
4 0.606875 0.525000 0.031250 0.050000
4 0.722500 0.524000 0.032500 0.040000
4 0.836875 0.526000 0.078750 0.044000
5 0.244375 0.838000 0.106250 0.040000