0 0.570000 0.222000 0.047500 0.060000
0 0.624375 0.223000 0.063750 0.062000
0 0.687500 0.224000 0.065000 0.060000
1 0.615000 0.323000 0.150000 0.066000
1 0.728750 0.325000 0.077500 0.062000
1 0.801875 0.326000 0.068750 0.064000
2 0.673750 0.404000 0.072500 0.068000
2 0.736875 0.406000 0.043750 0.064000
3 0.670625 0.469000 0.093750 0.070000
3 0.752500 0.467000 0.065000 0.058000
3 0.801250 0.469000 0.025000 0.058000
4 0.621875 0.524000 0.041250 0.056000
4 0.735000 0.526000 0.040000 0.056000
4 0.843750 0.528000 0.072500 0.060000
5 0.268750 0.891000 0.087500 0.046000