0 0.573750 0.304000 0.050000 0.060000
0 0.634375 0.308000 0.071250 0.060000
0 0.703750 0.315000 0.070000 0.062000
1 0.570625 0.405000 0.111250 0.078000
1 0.681250 0.410000 0.110000 0.068000
1 0.799375 0.422000 0.126250 0.068000
2 0.665625 0.485000 0.101250 0.070000
2 0.738125 0.486000 0.038750 0.056000
3 0.573125 0.545000 0.051250 0.058000
3 0.646875 0.554000 0.086250 0.072000
3 0.741250 0.563000 0.097500 0.066000
3 0.830625 0.572000 0.081250 0.064000
4 0.594375 0.605000 0.043750 0.050000
4 0.702500 0.615000 0.042500 0.054000
4 0.815625 0.626000 0.066250 0.056000
5 0.278750 0.908000 0.087500 0.044000