0 0.563125 0.234000 0.046250 0.060000
0 0.619375 0.236000 0.066250 0.060000
0 0.686250 0.236000 0.067500 0.060000
1 0.752500 0.340000 0.130000 0.072000
1 0.583125 0.339000 0.071250 0.066000
1 0.653750 0.340000 0.070000 0.064000
2 0.669375 0.416000 0.098750 0.072000
2 0.742500 0.413000 0.037500 0.058000
3 0.526250 0.478000 0.075000 0.068000
3 0.603750 0.476000 0.070000 0.060000
3 0.666875 0.481000 0.048750 0.062000
3 0.738750 0.480000 0.090000 0.060000
3 0.831875 0.482000 0.088750 0.060000
3 0.905000 0.486000 0.052500 0.064000
4 0.608750 0.538000 0.042500 0.060000
4 0.831875 0.543000 0.076250 0.062000
4 0.717500 0.543000 0.035000 0.050000
5 0.255000 0.870000 0.082500 0.044000