0 0.602500 0.240000 0.075000 0.064000
0 0.542500 0.241000 0.050000 0.062000
0 0.674375 0.241000 0.068750 0.062000
1 0.569375 0.358000 0.116250 0.068000
1 0.668750 0.358000 0.087500 0.064000
1 0.771875 0.359000 0.118750 0.066000
2 0.649375 0.445000 0.081250 0.066000
2 0.718125 0.447000 0.046250 0.066000
3 0.556875 0.510000 0.056250 0.064000
3 0.619375 0.512000 0.061250 0.060000
3 0.696250 0.518000 0.087500 0.072000
3 0.802500 0.520000 0.117500 0.064000
4 0.706250 0.584000 0.030000 0.060000
4 0.823125 0.586000 0.076250 0.060000
4 0.592500 0.582000 0.035000 0.048000
5 0.226250 0.920000 0.082500 0.044000