0 0.558125 0.224000 0.051250 0.060000
0 0.616250 0.225000 0.067500 0.062000
0 0.681875 0.225000 0.066250 0.062000
1 0.691875 0.330000 0.113750 0.072000
1 0.813750 0.330000 0.125000 0.072000
1 0.561250 0.332000 0.147500 0.072000
2 0.670000 0.412000 0.097500 0.060000
2 0.740625 0.410000 0.036250 0.056000
3 0.656250 0.481000 0.097500 0.066000
3 0.795000 0.480000 0.027500 0.064000
3 0.740625 0.478000 0.066250 0.056000
4 0.719375 0.543000 0.041250 0.058000
4 0.601875 0.544000 0.038750 0.056000
4 0.840000 0.550000 0.072500 0.060000
5 0.256250 0.898000 0.087500 0.044000