0 0.588125 0.267000 0.051250 0.058000
0 0.649375 0.270000 0.068750 0.060000
0 0.718125 0.270000 0.068750 0.060000
1 0.712500 0.357000 0.077500 0.066000
1 0.796875 0.355000 0.088750 0.062000
1 0.617500 0.361000 0.110000 0.070000
2 0.689375 0.428000 0.098750 0.064000
2 0.761250 0.423000 0.037500 0.050000
3 0.682500 0.498000 0.095000 0.068000
3 0.764375 0.502000 0.066250 0.056000
3 0.815000 0.500000 0.027500 0.048000
4 0.840000 0.559000 0.070000 0.058000
4 0.626250 0.562000 0.040000 0.056000
4 0.733750 0.563000 0.032500 0.054000
5 0.309375 0.894000 0.098750 0.044000