0 0.566875 0.272000 0.046250 0.060000
0 0.620625 0.272000 0.063750 0.060000
0 0.683750 0.272000 0.062500 0.060000
1 0.591875 0.370000 0.051250 0.064000
1 0.680000 0.371000 0.122500 0.066000
1 0.768125 0.370000 0.053750 0.064000
2 0.663750 0.445000 0.070000 0.066000
2 0.725625 0.445000 0.043750 0.066000
3 0.656250 0.504000 0.092500 0.064000
3 0.738750 0.503000 0.065000 0.058000
3 0.790625 0.504000 0.031250 0.060000
4 0.610000 0.558000 0.040000 0.056000
4 0.825625 0.559000 0.068750 0.058000
4 0.715000 0.559000 0.037500 0.054000
5 0.276250 0.875000 0.085000 0.042000