0 0.625625 0.231000 0.068750 0.062000
0 0.568125 0.232000 0.048750 0.060000
0 0.691875 0.234000 0.066250 0.060000
1 0.589375 0.339000 0.106250 0.066000
1 0.698125 0.342000 0.111250 0.072000
1 0.798750 0.346000 0.087500 0.080000
2 0.670625 0.420000 0.076250 0.068000
2 0.735625 0.422000 0.046250 0.068000
3 0.672500 0.489000 0.105000 0.074000
3 0.772500 0.489000 0.092500 0.070000
3 0.861250 0.483000 0.075000 0.066000
3 0.576250 0.488000 0.082500 0.060000
4 0.836250 0.549000 0.070000 0.050000
4 0.619375 0.545000 0.038750 0.054000
4 0.731250 0.551000 0.032500 0.042000
5 0.274375 0.897000 0.091250 0.046000