0 0.567500 0.235000 0.050000 0.062000
0 0.625625 0.235000 0.068750 0.062000
0 0.693750 0.236000 0.070000 0.060000
1 0.575000 0.345000 0.062500 0.066000
1 0.661875 0.349000 0.113750 0.074000
1 0.776250 0.346000 0.115000 0.068000
2 0.676875 0.428000 0.063750 0.068000
2 0.732500 0.423000 0.037500 0.058000
3 0.548125 0.492000 0.121250 0.064000
3 0.638125 0.493000 0.051250 0.062000
3 0.873750 0.492000 0.092500 0.060000
3 0.709375 0.496000 0.086250 0.064000
3 0.788750 0.496000 0.072500 0.064000
3 0.933125 0.490000 0.036250 0.052000
4 0.618750 0.552000 0.042500 0.060000
4 0.839375 0.554000 0.073750 0.060000
4 0.728125 0.559000 0.036250 0.054000
5 0.260625 0.907000 0.083750 0.042000