0 0.594375 0.253000 0.046250 0.058000
0 0.648750 0.256000 0.065000 0.060000
0 0.712500 0.256000 0.065000 0.060000
1 0.629375 0.352000 0.108750 0.072000
1 0.710000 0.348000 0.052500 0.064000
1 0.787500 0.350000 0.105000 0.064000
2 0.693750 0.419000 0.070000 0.066000
2 0.753750 0.422000 0.042500 0.064000
3 0.630625 0.477000 0.093750 0.062000
3 0.833750 0.477000 0.085000 0.062000
2 0.766250 0.478000 0.045000 0.060000
3 0.710625 0.481000 0.058750 0.062000
4 0.846875 0.542000 0.071250 0.056000
4 0.745625 0.537000 0.028750 0.038000
4 0.645625 0.542000 0.036250 0.048000
5 0.305000 0.844000 0.087500 0.044000