0 0.712500 0.260000 0.065000 0.060000
0 0.641250 0.264000 0.065000 0.060000
0 0.580000 0.267000 0.045000 0.054000
1 0.591250 0.366000 0.155000 0.092000
1 0.730625 0.367000 0.111250 0.082000
1 0.848750 0.371000 0.112500 0.078000
2 0.695625 0.462000 0.128750 0.076000
2 0.788750 0.458000 0.037500 0.060000
3 0.625625 0.533000 0.091250 0.074000
3 0.848750 0.533000 0.090000 0.066000
3 0.773125 0.535000 0.048750 0.062000
3 0.709375 0.538000 0.063750 0.052000
4 0.630000 0.601000 0.035000 0.050000
4 0.871875 0.600000 0.071250 0.048000
4 0.751250 0.602000 0.037500 0.044000
5 0.268750 0.979000 0.090000 0.038000