0 0.569375 0.251000 0.046250 0.058000
0 0.624375 0.251000 0.063750 0.058000
0 0.688750 0.252000 0.065000 0.060000
1 0.778750 0.345000 0.075000 0.066000
1 0.700625 0.346000 0.078750 0.064000
1 0.608750 0.348000 0.105000 0.064000
2 0.672500 0.421000 0.070000 0.066000
2 0.733125 0.422000 0.043750 0.064000
3 0.852500 0.479000 0.070000 0.058000
3 0.767500 0.484000 0.090000 0.060000
3 0.669375 0.480000 0.096250 0.064000
3 0.575625 0.478000 0.081250 0.056000
4 0.838125 0.537000 0.068750 0.054000
4 0.726875 0.540000 0.038750 0.052000
4 0.618750 0.543000 0.045000 0.050000
5 0.245625 0.875000 0.016250 0.042000