0 0.589375 0.259000 0.051250 0.062000
0 0.646250 0.262000 0.065000 0.060000
0 0.711250 0.267000 0.067500 0.062000
1 0.613125 0.351000 0.058750 0.062000
1 0.692500 0.352000 0.107500 0.064000
1 0.778750 0.361000 0.065000 0.078000
2 0.684375 0.425000 0.101250 0.070000
2 0.755000 0.423000 0.037500 0.054000
3 0.626875 0.491000 0.086250 0.066000
3 0.706250 0.497000 0.060000 0.070000
3 0.772500 0.494000 0.067500 0.060000
3 0.840000 0.495000 0.062500 0.058000
4 0.632500 0.554000 0.040000 0.044000
4 0.734375 0.556000 0.026250 0.040000
4 0.834375 0.557000 0.068750 0.042000
5 0.315000 0.906000 0.097500 0.048000