0 0.625625 0.212000 0.068750 0.064000
0 0.695000 0.213000 0.072500 0.066000
0 0.566875 0.212000 0.051250 0.060000
1 0.763750 0.320000 0.137500 0.068000
1 0.579375 0.320000 0.063750 0.064000
1 0.653125 0.322000 0.086250 0.064000
2 0.666875 0.405000 0.083750 0.070000
2 0.738125 0.405000 0.046250 0.066000
3 0.608750 0.472000 0.090000 0.072000
3 0.777500 0.473000 0.102500 0.074000
3 0.854375 0.474000 0.043750 0.076000
3 0.689375 0.475000 0.066250 0.070000
4 0.842500 0.540000 0.077500 0.056000
4 0.732500 0.533000 0.040000 0.054000
4 0.615000 0.538000 0.037500 0.052000
5 0.259375 0.890000 0.093750 0.044000