0 0.620000 0.241000 0.067500 0.062000
0 0.688125 0.241000 0.068750 0.062000
0 0.561875 0.242000 0.048750 0.060000
1 0.598750 0.345000 0.065000 0.066000
1 0.672500 0.348000 0.082500 0.072000
1 0.758125 0.344000 0.086250 0.064000
2 0.666250 0.425000 0.077500 0.070000
2 0.733125 0.426000 0.046250 0.068000
3 0.650000 0.488000 0.097500 0.068000
3 0.748750 0.485000 0.092500 0.062000
3 0.806875 0.483000 0.033750 0.050000
4 0.612500 0.546000 0.045000 0.060000
4 0.840625 0.546000 0.073750 0.060000
4 0.724375 0.548000 0.041250 0.056000
5 0.261250 0.895000 0.087500 0.046000