0 0.725000 0.269000 0.070000 0.062000
0 0.594375 0.269000 0.053750 0.058000
0 0.655000 0.270000 0.067500 0.060000
1 0.730625 0.369000 0.126250 0.070000
1 0.822500 0.368000 0.062500 0.068000
1 0.620000 0.371000 0.090000 0.066000
2 0.696250 0.439000 0.100000 0.058000
2 0.765625 0.439000 0.038750 0.054000
3 0.582500 0.513000 0.127500 0.066000
3 0.672500 0.508000 0.042500 0.056000
3 0.736250 0.514000 0.087500 0.064000
3 0.816875 0.513000 0.066250 0.062000
3 0.901250 0.517000 0.092500 0.062000
3 0.960000 0.515000 0.022500 0.066000
4 0.848750 0.573000 0.067500 0.042000
4 0.630000 0.573000 0.040000 0.054000
4 0.741250 0.571000 0.035000 0.046000
5 0.310000 0.904000 0.097500 0.048000