0 0.568750 0.227000 0.050000 0.062000
0 0.628750 0.228000 0.070000 0.064000
0 0.698750 0.227000 0.070000 0.062000
1 0.660625 0.321000 0.081250 0.070000
1 0.589375 0.320000 0.053750 0.064000
1 0.760000 0.324000 0.110000 0.072000
2 0.667500 0.398000 0.075000 0.072000
2 0.729375 0.398000 0.041250 0.064000
3 0.674375 0.474000 0.103750 0.068000
3 0.775000 0.472000 0.095000 0.072000
3 0.863750 0.468000 0.077500 0.060000
3 0.575625 0.468000 0.083750 0.060000
4 0.715625 0.533000 0.031250 0.042000
4 0.823750 0.532000 0.070000 0.044000
4 0.607500 0.532000 0.037500 0.044000
5 0.283125 0.884000 0.093750 0.044000