0 0.702500 0.285000 0.072500 0.062000
0 0.630000 0.289000 0.072500 0.066000
0 0.566875 0.289000 0.053750 0.062000
1 0.842500 0.382000 0.092500 0.080000
1 0.726875 0.383000 0.136250 0.074000
1 0.578750 0.384000 0.155000 0.068000
3 0.671250 0.454000 0.100000 0.064000
2 0.751250 0.453000 0.052500 0.054000
3 0.757500 0.526000 0.062500 0.060000
3 0.810625 0.523000 0.036250 0.054000
3 0.671250 0.533000 0.097500 0.066000
4 0.825000 0.581000 0.075000 0.058000
4 0.605625 0.590000 0.036250 0.060000
4 0.718125 0.591000 0.033750 0.046000
5 0.288750 0.919000 0.092500 0.046000