0 0.687500 0.249000 0.065000 0.054000
0 0.562500 0.248000 0.050000 0.060000
0 0.621250 0.250000 0.062500 0.056000
1 0.701250 0.355000 0.077500 0.058000
1 0.773750 0.352000 0.055000 0.060000
1 0.615625 0.356000 0.091250 0.056000
2 0.674375 0.428000 0.093750 0.056000
2 0.745625 0.429000 0.033750 0.050000
3 0.651875 0.499000 0.096250 0.062000
3 0.749375 0.497000 0.088750 0.058000
3 0.810625 0.495000 0.028750 0.042000
4 0.842500 0.564000 0.075000 0.056000
4 0.616875 0.568000 0.038750 0.056000
4 0.726250 0.566000 0.032500 0.052000
5 0.263750 0.905000 0.087500 0.046000