0 0.577500 0.233000 0.047500 0.058000
0 0.631875 0.236000 0.063750 0.060000
0 0.697500 0.238000 0.067500 0.060000
1 0.615625 0.336000 0.083750 0.064000
1 0.696875 0.337000 0.078750 0.066000
1 0.776875 0.339000 0.081250 0.066000
2 0.680625 0.414000 0.071250 0.068000
2 0.743750 0.417000 0.042500 0.066000
3 0.674375 0.478000 0.093750 0.064000
3 0.771875 0.477000 0.093750 0.062000
3 0.847500 0.537000 0.070000 0.062000
4 0.736875 0.536000 0.038750 0.056000
4 0.627500 0.546000 0.045000 0.060000
5 0.280000 0.874000 0.090000 0.044000