0 0.548750 0.258000 0.045000 0.060000
0 0.602500 0.258000 0.062500 0.060000
0 0.663125 0.258000 0.063750 0.060000
1 0.540625 0.357000 0.051250 0.066000
1 0.627500 0.358000 0.122500 0.068000
1 0.749375 0.355000 0.121250 0.062000
2 0.651875 0.433000 0.098750 0.066000
2 0.722500 0.433000 0.037500 0.058000
3 0.891250 0.487000 0.020000 0.066000
3 0.533125 0.490000 0.108750 0.060000
3 0.618125 0.496000 0.046250 0.064000
3 0.681875 0.496000 0.078750 0.064000
3 0.834375 0.493000 0.083750 0.066000
3 0.756875 0.495000 0.063750 0.066000
4 0.604375 0.557000 0.041250 0.054000
4 0.805625 0.559000 0.063750 0.054000
4 0.703750 0.548000 0.032500 0.052000
5 0.266250 0.884000 0.080000 0.040000