0 0.560625 0.248000 0.048750 0.060000
0 0.617500 0.249000 0.067500 0.062000
0 0.684375 0.249000 0.068750 0.062000
1 0.573125 0.352000 0.053750 0.064000
1 0.653750 0.354000 0.110000 0.068000
1 0.765000 0.355000 0.110000 0.070000
2 0.663750 0.429000 0.080000 0.070000
2 0.730000 0.431000 0.045000 0.066000
3 0.528750 0.494000 0.072500 0.064000
3 0.605000 0.493000 0.067500 0.062000
3 0.668125 0.495000 0.053750 0.066000
3 0.743750 0.493000 0.087500 0.062000
3 0.833750 0.494000 0.087500 0.060000
3 0.905625 0.495000 0.051250 0.062000
4 0.831875 0.552000 0.076250 0.060000
4 0.722500 0.557000 0.030000 0.058000
4 0.609375 0.557000 0.036250 0.054000
5 0.259375 0.896000 0.086250 0.044000