0 0.568125 0.225000 0.048750 0.062000
0 0.625000 0.226000 0.067500 0.064000
0 0.692500 0.227000 0.067500 0.062000
1 0.616875 0.331000 0.161250 0.070000
1 0.799375 0.333000 0.078750 0.062000
1 0.726875 0.340000 0.066250 0.072000
2 0.670000 0.417000 0.080000 0.066000
2 0.736250 0.417000 0.045000 0.066000
3 0.778750 0.485000 0.095000 0.062000
3 0.614375 0.489000 0.076250 0.066000
3 0.691250 0.491000 0.075000 0.070000
3 0.843750 0.487000 0.030000 0.058000
4 0.846875 0.549000 0.073750 0.062000
4 0.733125 0.549000 0.043750 0.058000
4 0.612500 0.551000 0.040000 0.054000
5 0.263750 0.919000 0.087500 0.046000