0 0.574375 0.237000 0.058750 0.058000
0 0.521875 0.239000 0.043750 0.058000
0 0.631875 0.239000 0.058750 0.058000
1 0.745625 0.331000 0.076250 0.062000
1 0.550625 0.340000 0.126250 0.076000
1 0.666250 0.332000 0.087500 0.060000
2 0.626875 0.406000 0.091250 0.060000
2 0.691875 0.405000 0.036250 0.054000
2 0.754375 0.466000 0.033750 0.052000
3 0.610625 0.472000 0.091250 0.064000
3 0.699375 0.471000 0.083750 0.062000
3 0.792500 0.529000 0.067500 0.050000
4 0.682500 0.530000 0.040000 0.052000
4 0.573750 0.535000 0.035000 0.050000
5 0.233125 0.900000 0.088750 0.052000